0 937
1 4
2 2
3 1 2 0 1727
3 1 2 1732 9495
2 1 18 1 1731 1735 1736 1751 1757 1758 1764 1786 1787 9352 9487 9488 9491 9492 9493 9494 9496
2 1 3 1739 1740 1741
2 1 1 9490
1 10
2 3
3 1 4 2 2230 2231 2237
3 1 1 4
3 1 2 2241 2242
2 2
3 1 3 34 8739 9320
3 2
4 1 2 296 1277
4 1 1 3039
2 2
3 1 1 35
3 1 1 38
2 6
3 2
4 1 3 474 7143 9536
4 1 1 2236
3 1 2 4399 4400
3 1 2 7959 7960
3 1 1 8296
3 1 1 8961
3 1 1 9338
2 3
3 1 4 3130 3160 3161 3220
3 1 3 3131 3132 3134
3 1 2 3218 3219
2 3
3 1 4 3162 3205 3206 3216
3 2
4 1 1 3163
4 1 2 3191 3192
3 1 1 3217
2 6
3 1 6 3793 3805 3806 3835 3873 3897
3 1 2 3826 3827
3 1 1 3853
3 1 2 3869 3870
3 1 2 3871 3872
3 1 2 3895 9676
2 4
3 1 5 3865 6920 6949 6983 6984
3 1 3 3866 3867 3892
3 2
4 1 2 6914 6916
4 1 1 6948
3 1 2 6950 6951
2 3
3 1 3 4668 4669 4675
3 1 6 4728 4729 4732 4737 4778 4827
3 1 2 4730 4739
2 3
3 1 3 4674 4707 4708
3 1 7 4709 4772 4773 4775 4795 4822 9718
3 1 3 4819 4820 4821
1 168
2 75
3 12
4 5
5 1 78 3 162 163 1276 1408 1412 1414 1437 1499 1515 1600 1639 1662 1689 1766 1924 1940 1942 2050 2164 2233 2418 2914 3548 3559 3652 3653 3695 3907 3944 4037 4043 4078 4082 4209 4212 4228 4251 4253 4254 4268 4270 4380 4545 4585 5508 5528 5535 5665 5666 6120 6141 6162 6183 6205 6601 6626 6743 6865 6960 7026 7271 7307 7351 7847 8234 8772 9189 9303 9378 9396 9397 9691 9695 9889 9907 9916 10036
5 1 1 1468
5 1 1 1526
5 1 2 1648 1696
5 1 1 5655
4 3
5 1 2 805 1712
5 2
6 1 3 1290 1719 2066
6 1 2 1585 6862
5 1 1 1928
4 2
5 1 2 1030 7388
5 1 2 1275 1284
4 1 3 1415 1807 1818
4 1 1 1819
4 1 1 3396
4 1 1 5654
4 1 1 5953
4 1 1 6757
4 1 1 8771
4 1 1 9007
4 1 1 9345
3 1 1 171
3 4
4 1 4 345 1577 9150 9402
4 1 2 639 640
4 1 1 8820
4 1 1 9002
3 3
4 2
5 1 2 455 2247
5 1 2 2228 2229
4 1 2 2220 2221
4 1 2 3001 3127
3 1 1 879
3 1 1 1439
3 1 1 1440
3 1 1 1458
3 1 1 1467
3 1 1 1469
3 1 1 1470
3 1 1 1471
3 1 1 1476
3 1 1 1478
3 3
4 2
5 1 3 1513 2030 5657
5 1 1 5615
4 1 2 1519 5509
4 1 3 1979 1980 8592
3 1 1 1529
3 1 1 1635
3 1 2 1703 1706
3 3
4 1 3 1714 2044 7953
4 1 2 6677 6678
4 1 1 7111
3 1 1 1776
3 1 2 1808 5960
3 1 1 1809
3 1 1 1810
3 1 1 1821
3 1 1 1822
3 1 1 1829
3 1 1 1832
3 1 1 1836
3 1 3 1841 1903 2149
3 1 1 1943
3 1 1 1946
3 1 1 1950
3 1 1 1968
3 1 1 1973
3 1 5 1975 1983 1999 2002 2020
3 1 2 2003 3526
3 1 1 2068
3 1 1 3557
3 1 1 3725
3 1 2 4471 4751
3 1 2 4756 9716
3 1 1 5513
3 1 1 5515
3 1 1 5519
3 1 1 5523
3 1 1 5529
3 1 1 5652
3 1 1 5780
3 1 1 5954
3 1 1 5957
3 1 1 5959
3 1 1 6600
3 1 3 6789 6838 6839
3 1 1 6915
3 1 1 7112
3 1 1 7164
3 1 1 7706
3 1 1 7719
3 1 1 7736
3 1 1 7883
3 1 1 7991
3 1 1 8088
3 1 1 8098
3 1 1 8106
3 1 1 8133
3 1 1 8292
3 1 1 8300
3 1 2 8664 8665
3 1 1 8888
3 1 1 8895
3 1 1 8943
3 1 1 8963
3 1 1 9008
3 1 1 9151
3 1 1 9529
2 11
3 3
4 1 5 10 2043 2887 7712 9333
4 2
5 1 1 7886
5 1 1 7890
4 1 2 7939 8096
3 2
4 2
5 1 2 36 7129
5 1 1 7131
4 1 2 7709 9452
3 3
4 2
5 1 3 697 3665 10097
5 1 1 1972
4 1 2 1661 6129
4 1 1 7994
3 1 2 1255 1420
3 2
4 1 2 1537 1538
4 1 1 1539
3 1 2 2368 8141
3 2
4 1 1 2977
4 1 1 2978
3 1 3 4516 4534 4536
3 3
4 1 3 6549 6550 7201
4 1 2 7145 7146
4 1 2 7147 7175
3 2
4 1 1 7940
4 1 2 8280 8281
3 3
4 2
5 1 1 8267
5 1 1 8272
4 1 3 8270 8271 8427
4 1 1 8290
2 12
3 3
4 1 5 21 2582 2643 2804 9570
4 1 2 2500 5207
4 1 1 2583
3 3
4 1 2 1828 5656
4 1 2 5660 5782
4 1 3 5767 5808 5873
3 4
4 1 7 2041 2419 2453 2501 2633 2634 2694
4 1 1 2053
4 1 1 2420
4 1 2 2658 2720
3 2
4 1 2 2054 2065
4 1 1 2056
3 2
4 1 2 2421 2425
4 1 2 2422 2423
3 4
4 1 4 2424 2597 2598 2646
4 2
5 1 5 2596 2645 2662 2663 2740
5 1 1 2623
4 1 1 2671
4 1 1 2687
3 3
4 1 4 2428 2429 2431 2432
4 2
5 1 3 2678 2770 2783
5 1 2 2789 2797
4 1 1 2805
3 1 2 2647 2648
3 1 1 2660
3 1 2 2664 2665
3 1 2 2672 2673
3 1 2 2799 2800
2 8
3 6
4 1 4 33 641 659 10099
4 1 2 601 602
4 1 1 660
4 1 1 661
4 1 1 8034
4 1 1 9153
3 2
4 1 1 186
4 1 1 1720
3 1 2 547 548
3 1 5 567 642 643 644 655
3 3
4 2
5 1 1 866
5 1 1 10204
4 1 1 867
4 1 2 1239 1240
3 1 7 1708 1709 2031 2033 3333 5510 9873
3 1 2 2222 9538
3 2
4 1 2 8337 8338
4 1 1 8359
2 8
3 2
4 1 2 107 4045
4 1 1 5992
3 2
4 1 5 2057 2300 2308 2313 9548
4 1 1 2316
3 1 4 2120 2121 4164 7744
3 1 2 2298 2299
3 1 2 2314 2315
3 1 6 4046 4080 4132 4151 4264 9697
3 1 6 4110 4111 4112 4133 4174 4177
3 2
4 1 2 9546 9547
4 1 1 9549
2 9
3 7
4 2
5 1 6 116 1660 2009 4089 4208 9516
5 1 1 2045
4 1 1 2062
4 1 1 2974
4 1 1 5961
4 1 1 6607
4 2
5 1 2 7955 7956
5 1 1 7957
4 1 1 8087
3 6
4 1 5 1238 1657 2014 3508 9537
4 1 2 2165 4828
4 1 1 3610
4 1 2 4392 4393
4 1 2 4787 4788
4 1 1 7125
3 2
4 1 5 1291 1292 1835 1982 2004
4 1 3 1690 1691 2019
3 2
4 1 4 1373 2755 9711 10193
4 1 2 9910 9911
3 7
4 1 14 1518 1677 1722 1857 1874 2049 2113 2125 2130 2139 5991 8819 9500 9501
4 1 2 2925 3121
4 1 1 3728
4 1 1 5966
4 1 1 5984
4 2
5 1 1 8083
5 1 1 8084
4 1 1 9185
3 5
4 1 5 1682 1978 2008 9526 9527
4 1 1 1927
4 1 2 7001 7002
4 1 1 9012
4 1 1 9528
3 1 2 2926 2927
3 2
4 1 3 4688 4689 4690
4 1 1 4839
3 2
4 1 1 8127
4 1 1 8149
2 7
3 3
4 1 4 320 321 1171 1172
4 1 1 3556
4 1 1 7884
3 1 3 666 667 668
3 1 4 1692 7938 7945 9530
3 1 2 3820 7905
3 1 1 8097
3 1 1 8360
3 1 2 8770 9249
2 2
3 1 2 477 482
3 1 1 483
2 8
3 3
4 1 7 522 976 1286 1651 1672 1716 2032
4 1 3 1993 1994 9525
4 1 1 8125
3 1 2 1380 1381
3 1 3 1687 2100 9328
3 2
4 1 2 1838 1839
4 1 5 1843 1862 1863 1864 1865
3 4
4 1 15 2098 2099 2105 2107 2112 2114 2115 2116 2122 2123 2129 2133 2137 2138 2140
4 1 2 2131 2132
4 1 1 9531
4 1 2 9532 9533
3 3
4 1 3 3122 3221 6632
4 1 1 6602
4 1 1 6614
3 1 3 5602 5603 5607
3 2
4 1 2 8064 8082
4 1 2 8065 8066
2 6
3 4
4 1 8 540 541 1652 1796 2117 3591 9329 9534
4 1 1 2006
4 1 2 7906 7907
4 1 2 9247 9248
3 2
4 1 16 1640 1641 1642 1646 1647 1649 1653 1654 1658 1663 1668 1681 1683 1684 1685 1688
4 1 2 1656 1675
3 2
4 1 2 1645 1664
4 1 1 1665
3 2
4 1 2 1655 1671
4 1 2 1676 9535
3 1 2 3592 3668
3 2
4 1 2 8828 9170
4 1 1 9171
2 1 2 625 626
2 10
3 7
4 2
5 1 2 647 5829
5 1 2 10037 10038
4 1 1 8788
4 1 1 9318
4 1 1 9323
4 1 1 9326
4 1 1 9330
4 1 1 9332
3 2
4 1 1 1163
4 1 1 8140
3 2
4 1 3 2323 9315 9321
4 1 1 9339
3 2
4 1 4 4427 4428 4461 9703
4 1 1 9327
3 2
4 1 1 5981
4 1 2 9305 9306
3 3
4 1 2 8956 9314
4 1 1 8957
4 1 1 9316
3 1 2 9312 9313
3 1 1 9334
3 1 1 9343
3 1 1 9346
2 5
3 2
4 1 4 1021 1506 1512 2018
4 1 2 9519 9520
3 4
4 1 2 1434 4597
4 1 3 2026 2027 7976
4 1 1 7941
4 1 1 7943
3 1 2 1480 1481
3 2
4 1 2 3488 8200
4 1 1 8177
3 3
4 1 3 7958 7961 7990
4 1 1 8327
4 1 1 8328
2 1 2 1027 1028
2 1 2 1083 3779
2 8
3 3
4 1 5 1400 1686 9322 9484 9499
4 1 3 1525 1679 9026
4 1 1 9191
3 1 3 1451 1452 1453
3 2
4 1 2 1535 1699
4 1 1 1974
3 3
4 4
5 1 3 1666 1667 1673
5 1 1 1827
5 1 1 1937
5 1 1 5526
4 1 3 1674 1990 1996
4 1 3 2021 2022 5803
3 4
4 1 2 1811 3755
4 1 1 3756
4 1 1 3767
4 1 1 8769
3 3
4 1 1 1931
4 1 1 1932
4 1 1 2063
3 1 8 3659 3660 3689 3712 3715 3904 3905 3906
3 2
4 1 2 7723 7724
4 1 2 7725 7726
2 1 2 1465 1466
2 1 2 1605 1606
2 1 2 1637 1638
2 5
3 2
4 2
5 1 3 1698 6350 6554
5 1 1 6567
4 1 1 6553
3 1 1 6351
3 2
4 1 2 6356 6357
4 1 1 6449
3 1 2 6545 6548
3 1 1 6555
2 1 2 1718 2034
2 7
3 2
4 1 2 1823 1824
4 1 1 9521
3 1 5 3469 3470 3474 3477 3481
3 3
4 1 4 3475 3476 3703 8946
4 1 2 3792 4582
4 1 1 8947
3 1 5 3493 3494 3495 3496 3497
3 3
4 2
5 1 2 4419 4420
5 1 1 4421
4 1 2 4509 4510
4 1 1 4538
3 2
4 1 3 4475 9709 9710
4 1 1 4476
3 2
4 1 3 5497 5532 6091
4 1 6 6078 6079 6104 6105 6130 6180
2 1 3 1833 1834 9498
2 1 3 1842 1851 1852
2 3
3 1 2 1892 3927
3 1 2 3908 3910
3 1 2 3909 3960
2 1 2 1925 1926
2 1 3 1941 1960 1961
2 1 2 1955 1956
2 1 2 1958 1959
2 1 2 1962 1963
2 7
3 4
4 1 7 2007 7685 7740 7747 7748 7755 7786
4 1 2 7688 7819
4 1 1 7727
4 1 1 7756
3 3
4 1 2 7431 7774
4 1 3 7775 7776 7777
4 1 1 9943
3 2
4 1 2 7448 7790
4 1 2 7745 7746
3 1 2 7683 7684
3 3
4 1 2 7741 7742
4 1 3 7780 7781 7782
4 1 3 7783 7784 7785
3 1 1 7749
3 3
4 1 3 7750 7768 9945
4 1 2 7757 7758
4 1 2 7787 7789
2 1 1 2051
2 1 1 2052
2 1 1 2055
2 1 1 2102
2 1 2 2216 2217
2 1 2 2218 2219
2 1 2 2234 2235
2 1 1 2238
2 2
3 1 2 2239 2240
3 1 1 2243
2 1 2 2467 2468
2 1 1 2558
2 1 1 2619
2 1 1 2659
2 1 1 2723
2 1 2 2868 2869
2 2
3 1 2 2971 2972
3 1 1 2973
2 1 10 3381 3382 3617 3627 3658 3663 3666 3681 3682 3699
2 1 1 3383
2 1 1 3397
2 1 2 3549 3554
2 1 2 3600 3601
2 1 6 3604 3605 3615 3645 3651 3713
2 1 3 3635 3654 3661
2 2
3 1 4 3721 3722 3738 9671
3 1 3 3748 3749 4468
2 1 2 3773 3774
2 2
3 1 11 3991 3992 4085 4086 4148 4149 4150 4158 4159 4221 4269
3 1 12 3995 3996 4088 4106 4160 4163 4165 4173 4218 4220 4227 4256
2 1 3 4090 4091 4092
2 1 1 4109
2 1 2 4175 4176
2 1 2 4292 4293
2 1 2 4305 4306
2 1 1 5492
2 1 1 5525
2 1 1 5527
2 1 1 5530
2 1 1 5531
2 1 1 5533
2 1 1 5534
2 1 1 5538
2 1 1 5539
2 4
3 1 5 5545 5546 5547 5601 5639
3 2
4 1 3 5555 5556 5558
4 1 4 5557 5634 5635 5642
3 1 3 5563 5564 5565
3 1 3 5581 5582 5583
2 1 1 5659
2 1 1 5663
2 1 1 5664
2 1 1 5932
2 1 1 5956
2 1 1 5965
2 1 1 5967
2 1 1 5971
2 1 1 5988
2 1 1 5997
2 1 3 6064 6065 6066
2 3
3 1 2 6737 6738
3 1 1 6739
3 1 2 7301 7302
2 1 1 6780
2 1 1 6783
2 1 1 6824
2 5
3 2
4 1 5 6836 8597 8754 8755 8756
4 1 1 6908
3 2
4 1 3 8588 8589 8764
4 1 1 8623
3 2
4 1 2 8628 8753
4 1 2 8763 9409
3 1 3 8662 8678 8700
3 1 3 8724 8725 8738
2 1 1 6864
2 1 1 6871
2 1 1 6879
2 1 1 6880
2 1 1 6881
2 1 1 6896
2 1 1 6897
2 1 1 6898
2 1 1 6899
2 1 2 6902 6903
2 1 1 6904
2 1 1 6906
2 1 2 6934 6935
2 1 1 7133
2 1 1 7138
2 1 1 7144
2 1 1 7174
2 1 1 7176
2 1 1 7183
2 3
3 1 2 7292 7303
3 1 1 7293
3 1 1 7304
2 1 1 7441
2 1 2 7708 7715
2 1 2 7721 7722
2 1 1 7810
2 1 3 7840 7841 7845
2 2
3 1 2 7853 7860
3 1 2 7854 7856
2 1 2 7861 7862
2 1 1 7885
2 1 1 7894
2 1 1 7919
2 1 1 8036
2 1 1 8086
2 1 1 8093
2 1 1 8095
2 1 1 8102
2 1 1 8103
2 1 1 8105
2 1 1 8107
2 1 1 8113
2 1 1 8114
2 1 1 8118
2 1 1 8122
2 1 1 8126
2 1 1 8157
2 1 1 8208
2 1 1 8244
2 1 1 8249
2 1 2 8257 8258
2 1 1 8291
2 1 1 8293
2 1 1 8294
2 1 1 8295
2 1 1 8299
2 1 1 8303
2 1 1 8329
2 1 1 8652
2 1 1 8653
2 1 2 8697 8698
2 1 1 8822
2 1 1 8893
2 1 1 8915
2 1 1 8917
2 2
3 1 2 8918 8919
3 1 1 8920
2 1 1 8941
2 1 1 8942
2 1 2 8968 8969
2 1 1 9004
2 1 1 9006
2 1 1 9010
2 1 2 9027 9028
2 1 1 9096
2 1 1 9112
2 1 1 9127
2 1 1 9149
2 1 1 9184
2 1 1 9192
2 1 1 9304
2 1 1 9340
2 1 1 9359
2 2
3 1 2 9853 9854
3 1 2 9855 9856
1 3
2 2
3 1 2 5 2928
3 1 1 2929
2 2
3 1 3 6 7 8
3 1 1 9
2 2
3 1 2 2951 2952
3 1 1 9622
1 4
2 2
3 1 3 11 12 15
3 1 3 13 14 5705
2 2
3 1 2 5675 5676
3 1 2 5677 5706
2 2
3 1 2 5707 5708
3 1 2 5709 5710
2 1 2 5715 5716
1 14
2 10
3 1 1 16
3 1 7 32 2104 2124 6965 6973 9194 9497
3 1 1 37
3 2
4 1 2 687 688
4 1 1 689
3 1 1 1477
3 1 1 1936
3 1 1 5650
3 1 2 7005 7006
3 1 1 7012
3 1 1 8818
2 5
3 1 3 22 3855 9071
3 1 3 1272 1273 1274
3 1 4 8921 8922 8923 8924
3 1 1 8925
3 1 2 9382 9383
2 3
3 1 2 1483 1484
3 1 4 1496 1497 1498 1500
3 1 2 1501 1502
2 5
3 2
4 1 2 1485 8841
4 1 1 1812
3 3
4 1 2 1486 1487
4 1 2 1488 1489
4 1 3 1503 1504 1505
3 1 2 8842 8861
3 1 1 8843
3 1 2 8852 8853
2 5
3 1 5 1669 6911 6931 6932 9712
3 1 2 5303 6782
3 1 1 6933
3 1 1 6945
3 3
4 1 1 6946
4 1 2 6970 6971
4 1 2 6972 9905
2 3
3 1 5 3799 3800 3804 3818 3856
3 1 2 3857 3858
3 1 3 3901 3902 3903
2 10
3 1 8 6746 6747 6750 6751 6755 6767 6770 6777
3 1 2 6748 6749
3 1 2 6752 6756
3 1 1 6753
3 1 1 6769
3 1 1 6771
3 1 1 6776
3 1 1 6778
3 1 1 6779
3 1 1 6781
2 2
3 1 5 6761 6762 6765 6766 6772
3 1 2 6763 6764
2 2
3 1 3 6869 6882 6883
3 1 2 6884 6885
2 2
3 1 2 6919 6979
3 1 1 6980
2 3
3 1 2 7102 7103
3 1 5 7110 7255 7280 7380 7387
3 1 1 7113
2 1 1 7117
2 1 2 8850 8851
2 3
3 1 2 9053 9054
3 1 2 9055 9056
3 1 1 9057
1 2
2 1 2 17 18
2 1 2 8907 8913
1 12
2 1 5 19 20 3305 7985 7986
2 3
3 1 7 23 24 1670 1707 2143 2387 4302
3 1 2 1433 8548
3 2
4 1 2 2064 6218
4 1 2 7398 7399
2 7
3 2
4 1 9 25 2195 2618 3730 4479 4873 5993 6827 7167
4 1 4 115 1964 2388 4742
3 3
4 1 3 27 6735 7415
4 1 3 28 6912 6913
4 1 2 6736 7385
3 1 3 1742 1743 10232
3 1 3 1781 6612 7068
3 1 2 1988 3117
3 1 3 5402 5443 5444
3 1 2 5897 5898
2 4
3 1 3 443 3966 3967
3 1 3 444 445 446
3 1 2 4029 4030
3 1 2 4031 4060
2 2
3 1 2 1780 1844
3 1 6 2038 2039 2404 2824 3664 5641
2 4
3 1 5 2109 2110 2111 2118 5923
3 1 2 3037 3038
3 1 2 3050 3062
3 1 1 8789
2 4
3 1 26 3983 3984 3985 3986 4022 4028 4038 4061 4062 4063 4065 4066 4067 4068 4069 4072 4134 4145 4157 4180 4189 4197 4222 4223 4248 4274
3 1 2 4032 4033
3 1 2 4070 4071
3 1 3 4083 4084 8948
2 3
3 1 3 4023 4024 4050
3 1 5 4051 4193 4224 4265 4279
3 1 2 4277 4278
2 1 3 4025 4026 4027
2 2
3 1 2 5400 5401
3 1 3 6296 6297 7394
2 1 3 5516 5517 5518
2 3
3 2
4 1 2 5673 5674
4 1 2 5700 5701
3 1 3 5697 5698 5699
3 2
4 1 2 5711 5712
4 1 2 5713 5714
1 14
2 4
3 2
4 1 3 26 2364 2367
4 1 3 2365 2366 2378
3 3
4 1 2 2363 2382
4 1 2 2383 2384
4 1 2 2385 2386
3 1 3 2369 2376 2377
3 2
4 1 2 2372 2373
4 1 2 2374 2375
2 9
3 1 7 1984 2265 2271 2370 3405 4506 7126
3 1 2 2193 2194
3 1 1 2317
3 1 1 2318
3 1 1 2322
3 2
4 1 2 2324 2326
4 1 1 2327
3 1 1 2325
3 1 2 2353 2354
3 1 2 9485 9486
2 4
3 1 5 2058 2059 2200 2205 2206
3 2
4 1 4 2060 2199 2209 9000
4 1 1 2207
3 1 1 2061
3 1 3 2737 2738 2739
2 1 3 2210 2211 2212
2 4
3 2
4 1 5 2251 2252 2255 2256 2336
4 1 1 2291
3 2
4 1 5 2253 2254 2257 2259 2260
4 1 2 2261 2270
3 1 2 2266 2267
3 2
4 1 2 2277 2280
4 1 2 2278 2279
2 1 3 2262 2263 2264
2 4
3 1 2 2268 2269
3 1 3 2282 2283 2286
3 1 2 2284 2285
3 2
4 1 2 2292 2296
4 1 1 2297
2 2
3 1 2 2272 2273
3 1 1 2274
2 4
3 1 3 2281 2289 2290
3 1 2 2287 2288
3 2
4 1 3 9539 9540 9541
4 1 2 9542 9543
3 1 2 9544 9545
2 3
3 1 2 2321 2328
3 1 2 2329 2330
3 1 2 2331 2332
2 4
3 3
4 1 3 2334 2335 2341
4 1 2 9550 9552
4 1 1 9551
3 1 4 3417 3418 3419 3425
3 2
4 1 4 3471 3472 3473 3480
4 1 2 3498 3499
3 1 1 8835
2 5
3 1 9 3406 3407 3408 3411 3412 3413 3414 3424 3462
3 1 2 3409 3410
3 2
4 1 2 3429 3430
4 1 2 3431 3432
3 1 2 3461 3468
3 1 2 3466 3467
2 2
3 1 2 4704 4705
3 2
4 1 4 4706 4776 4797 4798
4 1 2 4836 4837
2 4
3 1 5 5498 5499 5500 5501 5503
3 3
4 1 2 5502 9843
4 1 1 5504
4 1 3 5507 9844 9845
3 1 2 5505 5506
3 1 3 9840 9841 9842
1 19
2 3
3 1 20 29 30 114 117 119 121 200 824 851 1189 1402 1403 1406 1407 1410 8836 8914 9101 9212 9219
3 1 2 1266 1267
3 1 1 9331
2 1 1 118
2 1 1 120
2 5
3 2
4 1 2 122 1229
4 1 1 1230
3 2
4 1 4 2848 8931 9433 9435
4 1 1 8795
3 2
4 1 1 8781
4 1 2 8845 8846
3 2
4 1 1 8783
4 1 2 8860 8896
3 1 1 9434
2 1 1 201
2 2
3 1 1 230
3 1 3 1287 1288 1289
2 4
3 1 3 613 614 615
3 1 3 616 617 645
3 1 2 1310 1311
3 1 3 1312 9458 9459
2 4
3 2
4 1 1 646
4 1 2 1169 1170
3 1 2 880 881
3 1 2 1106 1107
3 1 6 1162 1164 1165 1166 1167 1168
2 2
3 1 1 761
3 1 1 796
2 3
3 1 3 869 870 871
3 1 2 872 873
3 1 2 874 875
2 1 2 912 913
2 1 2 1268 1269
2 2
3 1 2 1337 1338
3 1 2 1404 1405
2 6
3 1 5 1411 3054 3055 3059 9628
3 3
4 1 1 3049
4 1 1 3056
4 1 1 3065
3 1 2 3057 3058
3 1 1 3060
3 1 1 3067
3 1 1 9629
2 5
3 3
4 1 2 3051 3066
4 1 1 3052
4 1 1 3053
3 1 1 3061
3 1 2 3069 3070
3 2
4 1 3 3071 9630 9635
4 1 2 9633 9634
3 1 2 9631 9632
2 6
3 1 2 8773 8823
3 3
4 1 8 8811 8812 8821 8890 8894 8898 8899 8962
4 1 2 8833 8834
4 1 1 8897
3 2
4 1 3 8813 8814 8815
4 1 2 8816 8817
3 1 3 8829 8830 8831
3 1 4 8838 8839 8840 8884
3 1 2 8869 8870
2 1 2 8982 8983
2 1 1 9114
2 1 1 9220
1 9
2 4
3 2
4 1 6 31 4785 6070 6219 8675 9395
4 1 1 4637
3 1 2 1704 1705
3 2
4 1 2 3685 3686
4 1 1 3687
3 1 2 4332 5442
2 3
3 3
4 1 3 2015 2134 6631
4 1 2 4721 6619
4 1 1 9193
3 1 2 4523 4524
3 1 2 4808 4809
2 4
3 1 3 2029 4405 4406
3 1 3 4382 4384 4452
3 1 1 4537
3 1 2 5440 5441
2 2
3 2
4 1 2 2359 2362
4 1 1 2360
3 1 1 2361
2 6
3 1 6 4358 4564 4626 5375 5658 9387
3 1 1 4359
3 1 4 4383 5900 5980 6195
3 2
4 1 4 4453 4466 5632 5717
4 1 3 4659 5044 5807
3 1 1 5495
3 1 1 6223
2 3
3 2
4 1 1 4407
4 1 5 4511 4610 5826 6054 6169
3 1 6 4480 4646 5455 5646 5899 6055
3 1 1 4611
2 2
3 1 8 4497 4498 4743 4921 5253 5284 5493 6217
3 1 2 5973 5974
2 1 5 5494 7751 7752 7753 7754
2 3
3 1 3 6633 6696 6754
3 1 3 6634 6790 6878
3 1 2 6673 6674
1 14
2 2
3 1 22 39 47 49 70 76 78 83 84 90 96 97 98 102 103 106 110 111 112 113 9436 10226 10227
3 1 7 60 62 77 79 89 94 95
2 3
3 1 3 40 41 42
3 1 3 43 44 65
3 1 1 61
2 3
3 1 2 48 66
3 1 3 59 10219 10220
3 1 2 10217 10218
2 1 2 50 51
2 2
3 1 7 52 53 80 88 10213 10214 10215
3 1 1 10216
2 4
3 1 1 54
3 2
4 1 5 562 563 9445 9446 9449
4 1 2 9450 9451
3 1 2 564 565
3 1 2 9447 9448
2 2
3 1 2 55 56
3 1 2 57 58
2 1 2 63 64
2 1 3 67 68 69
2 1 2 71 72
2 1 3 85 86 87
2 1 2 100 101
2 2
3 1 2 662 664
3 1 4 663 683 729 748
2 2
3 1 6 9438 9439 9441 9442 9443 9444
3 1 3 9440 10211 10212
1 1 2 45 46
1 13
2 2
3 2
4 1 3 73 1228 1650
4 1 1 1594
3 1 4 75 1507 1713 1768
2 5
3 1 5 74 81 229 1558 8768
3 1 10 82 1680 1697 1701 1733 1744 1765 1767 1777 1820
3 1 2 1623 1636
3 1 2 1717 10228
3 1 2 8577 8578
2 4
3 1 3 91 92 795
3 2
4 1 1 99
4 1 1 1438
3 1 1 1413
3 1 1 1521
2 5
3 1 5 1018 1578 1678 1770 1775
3 1 3 1559 1825 1826
3 1 2 1748 1749
3 1 3 1783 1784 1785
3 1 3 10229 10230 10231
2 3
3 1 4 1401 1582 1659 1702
3 2
4 1 2 1583 1584
4 1 2 1643 1644
3 1 4 8749 8750 8751 8752
2 2
3 2
4 1 2 1409 1763
4 1 2 1759 1762
3 1 2 1760 1761
2 2
3 1 2 1528 1734
3 1 2 1778 1779
2 4
3 1 6 1540 1604 1721 1769 1771 1782
3 2
4 1 2 1728 1729
4 1 1 1730
3 1 3 1752 1753 1754
3 1 2 1755 1756
2 2
3 1 3 1586 1587 6837
3 2
4 1 1 5604
4 1 2 5605 5606
2 3
3 2
4 1 2 1693 1694
4 1 2 10235 10236
3 2
4 1 2 8351 8352
4 1 1 8356
3 2
4 1 3 8353 8354 8355
4 1 2 10233 10234
2 1 3 1813 1814 1815
2 1 4 8880 8881 8882 8883
2 1 5 10205 10206 10207 10208 10209
1 1 1 93
1 1 2 104 105
1 15
2 4
3 2
4 1 6 108 1435 1436 6830 7400 8825
4 1 1 109
3 2
4 1 3 1986 1989 7407
4 1 2 6997 6998
3 1 2 6845 6846
3 1 3 10238 10239 10240
2 3
3 2
4 1 2 1482 8826
4 1 2 8827 9017
3 1 9 9013 9014 9015 9016 9172 9173 9174 9178 9179
3 1 3 9175 9176 9177
2 1 4 1867 1868 2389 2390
2 1 3 1881 1882 1883
2 7
3 1 9 1884 1957 2005 2010 2011 2023 2042 2141 2148
3 2
4 1 2 1987 2395
4 1 2 2188 2196
3 1 1 2024
3 1 4 2144 2145 2396 2397
3 1 1 2174
3 1 2 8134 8135
3 1 2 9374 9375
2 2
3 1 2 1907 1908
3 1 2 1923 1929
2 3
3 2
4 1 3 2160 2161 2162
4 1 2 2391 2392
3 1 3 2293 2294 2295
3 1 1 2393
2 1 2 2181 2182
2 1 2 2348 2349
2 2
3 1 2 3200 3201
3 1 3 3202 3203 3204
2 3
3 1 3 4331 7409 7410
3 1 3 7412 7413 7414
3 1 2 7522 7523
2 2
3 1 8 6907 6918 6926 6927 6928 6929 6930 6943
3 2
4 1 1 6944
4 1 1 9912
2 3
3 1 12 7403 7404 7408 7411 7416 7417 7553 7659 7687 7729 7738 7795
3 1 2 7491 7492
3 1 2 7778 7779
2 1 4 7474 7475 7704 7857
2 1 3 9368 9369 9370
1 15
2 6
3 2
4 1 5 123 124 865 969 1258
4 1 2 861 10141
3 1 4 566 770 1259 1260
3 1 3 767 768 769
3 2
4 1 3 771 772 843
4 1 1 773
3 1 2 841 842
3 1 2 9363 9364
2 3
3 2
4 1 2 125 126
4 1 2 127 128
3 1 2 129 130
3 1 1 131
2 4
3 2
4 1 5 145 148 10042 10043 10044
4 1 2 146 147
3 2
4 1 2 150 151
4 1 2 153 154
3 1 2 155 156
3 1 3 10039 10040 10041
2 2
3 1 3 329 330 331
3 1 2 332 333
2 4
3 1 2 862 2012
3 1 1 1527
3 1 2 2013 6976
3 1 2 4473 4474
2 2
3 1 3 863 864 10139
3 1 2 10138 10140
2 4
3 2
4 1 3 1416 1417 1445
4 1 2 1418 1419
3 1 3 1441 1442 1443
3 3
4 1 2 1444 1449
4 1 1 1446
4 1 1 1450
3 1 2 9461 9462
2 4
3 2
4 1 5 1456 3975 4591 4592 9985
4 1 1 1457
3 1 1 1837
3 1 2 7440 7443
3 1 2 8667 8668
2 1 4 8037 8038 8049 8067
2 3
3 1 5 8039 8040 8046 8048 8068
3 2
4 1 3 8041 8059 8061
4 1 2 8047 8060
3 1 1 8043
2 1 3 8069 8070 8071
2 3
3 1 3 8734 8735 8740
3 1 1 8736
3 1 1 8737
2 2
3 1 2 9356 9357
3 1 1 9358
2 2
3 1 3 9986 9987 9988
3 1 1 9989
2 2
3 1 4 10045 10048 10049 10050
3 1 2 10046 10047
1 4
2 1 7 132 133 138 139 140 141 142
2 2
3 1 2 134 135
3 1 2 136 137
2 1 1 143
2 1 1 144
1 9
2 2
3 1 4 149 704 747 750
3 2
4 1 11 701 702 703 749 10128 10129 10130 10131 10132 10133 10134
4 1 2 733 734
2 3
3 2
4 1 2 698 699
4 1 1 700
3 1 7 713 714 716 717 718 719 722
3 1 2 720 721
2 3
3 1 4 705 708 709 710
3 1 3 706 707 715
3 1 2 711 712
2 2
3 2
4 1 4 723 724 725 727
4 1 2 728 735
3 2
4 1 2 726 10124
4 1 2 10125 10126
2 4
3 2
4 1 3 730 731 10118
4 1 2 732 10117
3 1 2 1200 1201
3 2
4 1 2 10116 10119
4 1 1 10123
3 1 3 10120 10121 10122
2 2
3 1 3 736 737 742
3 1 1 743
2 1 4 738 739 740 741
2 1 3 744 745 746
2 5
3 1 2 10105 10110
3 1 2 10106 10107
3 1 2 10108 10109
3 1 3 10111 10112 10113
3 1 2 10114 10115
1 21
2 6
3 1 16 152 797 801 802 813 814 815 831 832 833 834 837 838 839 840 844
3 4
4 1 2 798 799
4 1 3 800 806 830
4 1 2 803 804
4 1 2 819 820
3 1 3 816 817 818
3 1 3 821 822 823
3 2
4 1 3 825 826 827
4 1 2 828 829
3 1 2 845 846
2 8
3 2
4 1 2 157 158
4 1 2 159 160
3 4
4 1 8 161 1060 1081 1082 1121 1129 1131 10183
4 1 2 1090 1091
4 1 2 1117 1118
4 1 2 1119 1120
3 3
4 1 4 925 928 929 931
4 1 2 926 927
4 1 1 932
3 3
4 1 4 930 1114 1115 1116
4 1 2 1108 1109
4 2
5 1 2 1110 1111
5 1 2 1112 1113
3 1 3 995 996 997
3 1 4 1122 1123 1124 1125
3 1 3 1139 1140 1141
3 1 3 1142 1143 1144
2 2
3 1 3 164 167 8844
3 2
4 1 3 165 166 169
4 1 2 168 170
2 3
3 2
4 1 2 249 317
4 1 2 835 836
3 1 2 318 319
3 1 4 957 958 959 960
2 3
3 1 4 322 323 326 327
3 1 2 324 325
3 1 1 328
2 4
3 2
4 1 3 597 1020 1040
4 1 2 1387 1388
3 1 4 1032 1033 1034 1035
3 2
4 1 2 1041 1044
4 1 2 1042 1043
3 2
4 1 3 10164 10165 10182
4 1 2 10166 10167
2 3
3 2
4 1 2 598 1004
4 1 2 599 600
3 2
4 1 2 1005 10181
4 1 1 1026
3 2
4 1 2 1016 1017
4 1 2 10191 10192
2 1 6 807 808 809 810 811 812
2 7
3 2
4 1 2 902 903
4 1 2 904 1007
3 2
4 1 3 905 977 1025
4 1 3 980 981 982
3 2
4 1 5 934 935 956 963 10168
4 1 2 955 1062
3 1 3 946 947 948
3 2
4 1 2 10152 10153
4 1 2 10154 10155
3 1 3 10172 10173 10174
3 1 3 10185 10186 10187
2 5
3 1 6 915 916 942 949 1019 9052
3 2
4 2
5 1 2 917 918
5 1 3 919 1014 10156
4 1 2 920 921
3 2
4 1 3 950 951 1063
4 1 2 972 973
3 1 6 974 1013 1015 10157 10158 10159
3 2
4 1 2 10143 10146
4 1 2 10144 10145
2 4
3 2
4 2
5 1 2 922 923
5 1 2 1079 1080
4 1 4 1031 10188 10189 10190
3 3
4 1 1 924
4 1 2 966 983
4 1 3 1001 1002 1003
3 1 9 936 937 938 1006 1036 1037 1038 1074 1132
3 1 2 1048 1049
2 3
3 2
4 1 4 933 954 1087 1147
4 1 2 1145 1146
3 2
4 1 3 952 1095 1096
4 1 1 953
3 1 5 1084 1085 1086 1088 1089
2 7
3 1 4 939 940 941 962
3 1 5 961 1057 1058 1059 1098
3 3
4 1 5 971 978 979 1075 10169
4 1 3 1010 1011 1012
4 1 2 1055 1056
3 1 2 1078 1097
3 1 3 10147 10148 10184
3 1 3 10149 10150 10151
3 2
4 1 3 10160 10161 10162
4 1 1 10163
2 2
3 1 2 964 965
3 1 3 998 999 1000
2 5
3 3
4 1 3 970 975 1137
4 1 2 992 993
4 1 1 9324
3 1 2 984 985
3 1 3 989 990 991
3 1 1 8786
3 1 1 8787
2 5
3 1 7 994 1076 1077 1127 1128 1130 1138
3 1 2 1053 1054
3 1 3 1064 1065 1066
3 1 2 1093 1094
3 1 4 10194 10195 10196 10197
2 3
3 2
4 1 4 1022 1039 1104 1105
4 1 2 1099 1100
3 2
4 1 3 1023 1024 1073
4 1 2 1092 1126
3 1 3 1101 1102 1103
2 3
3 1 3 1045 1061 1067
3 1 3 1046 1047 1133
3 1 2 1134 1135
2 3
3 2
4 1 3 1068 1069 1071
4 1 4 1070 1072 10198 10199
3 2
4 1 2 1278 1281
4 1 3 1279 1280 1282
3 1 2 1283 1285
2 2
3 1 3 1136 9023 9024
3 1 1 9025
2 2
3 1 3 10175 10176 10177
3 1 3 10178 10179 10180
1 15
2 6
3 2
4 1 4 172 192 753 2756
4 1 1 754
3 1 2 193 194
3 1 2 1320 1321
3 2
4 1 2 1397 1398
4 1 1 1399
3 1 2 2757 2758
3 1 2 3698 3700
2 2
3 1 4 571 572 573 575
3 1 3 574 576 577
2 3
3 1 3 578 793 794
3 1 2 1241 1242
3 1 3 1249 1261 1262
2 2
3 1 3 1243 1244 1248
3 1 3 1245 1246 1247
2 1 4 1250 1251 1252 1253
2 3
3 3
4 1 2 1293 1294
4 1 2 1295 1339
4 1 2 1328 1329
3 2
4 1 4 1326 1331 1342 1343
4 1 2 1327 1330
3 1 2 1340 1341
2 3
3 1 3 1296 1297 1302
3 1 2 1298 1299
3 1 2 1300 1301
2 1 3 1303 1304 1305
2 3
3 1 3 1313 1314 1315
3 1 3 1316 1317 1318
3 1 1 1319
2 3
3 1 2 1332 1333
3 1 2 1334 1335
3 1 1 1336
2 3
3 1 2 1344 1345
3 1 3 1346 1350 1351
3 2
4 1 2 1357 1358
4 1 3 1359 1360 1361
2 4
3 2
4 1 3 1352 1353 1371
4 1 3 1367 1368 1369
3 1 3 1354 1355 1356
3 1 2 1370 1382
3 2
4 1 3 1372 1384 1385
4 1 1 1386
2 4
3 1 5 4723 4724 4726 4791 9719
3 1 10 4725 4744 4763 4782 4783 4790 4794 4805 4806 4818
3 1 3 4779 4780 4781
3 1 2 4792 4793
2 4
3 2
4 1 3 8944 8945 8953
4 1 1 9996
3 1 2 8951 8952
3 1 2 9990 9991
3 2
4 1 2 9992 9993
4 1 2 9994 9995
2 3
3 1 4 10075 10076 10077 10078
3 1 3 10079 10080 10083
3 1 2 10081 10082
1 6
2 2
3 1 3 173 174 175
3 1 2 176 177
2 2
3 1 2 178 191
3 1 2 190 10062
2 1 6 182 183 187 188 10063 10064
2 2
3 1 4 189 10135 10136 10137
3 1 2 759 760
2 2
3 1 2 756 757
3 1 2 758 762
2 2
3 1 2 763 764
3 1 2 765 766
1 1 3 179 180 181
1 1 2 184 185
1 9
2 2
3 2
4 1 3 195 216 217
4 1 2 202 203
3 1 5 214 215 218 219 224
2 1 4 196 225 226 227
2 1 2 198 228
2 5
3 1 2 204 10061
3 1 1 558
3 1 2 852 853
3 1 1 882
3 1 3 10058 10059 10060
2 2
3 1 5 205 206 207 210 211
3 1 2 208 209
2 1 2 212 213
2 1 4 220 221 222 223
2 1 1 868
2 3
3 1 2 10086 10087
3 1 2 10088 10089
3 1 1 10090
1 1 1 197
1 1 1 199
1 6
2 2
3 1 2 231 232
3 1 2 233 234
2 2
3 1 6 235 237 241 242 243 264
3 1 3 238 239 240
2 2
3 1 2 236 248
3 1 3 254 255 256
2 1 5 245 246 247 250 265
2 1 3 251 252 253
2 3
3 1 2 258 259
3 1 2 260 261
3 1 2 262 263
1 18
2 5
3 2
4 1 4 244 9256 9257 9260
4 1 1 7357
3 1 3 1853 1854 1855
3 1 5 1856 1861 1873 1875 1876
3 2
4 1 2 1869 1870
4 1 2 1871 1872
3 1 1 2581
2 1 3 1858 1859 1860
2 3
3 1 2 5722 5723
3 1 2 5724 5725
3 1 3 5726 5727 5728
2 2
3 1 2 6465 6466
3 1 2 6546 6547
2 4
3 2
4 1 3 9195 9198 9210
4 1 2 9232 9233
3 1 8 9196 9199 9200 9201 9211 9234 9250 9275
3 1 1 9197
3 1 3 9236 9264 9265
2 2
3 1 5 9202 9204 9205 9206 9207
3 1 2 9208 9209
2 3
3 1 10 9203 9217 9218 9225 9226 9227 9228 9229 9230 9231
3 1 3 9213 9223 9224
3 1 3 9214 9215 9216
2 2
3 1 5 9221 9222 9276 9277 9278
3 1 4 9237 9238 9239 9240
2 1 1 9235
2 1 2 9241 9242
2 5
3 1 3 9246 9258 9259
3 1 5 9295 9298 9299 9300 9301
3 1 2 9296 9297
3 2
4 1 2 10029 10030
4 1 2 10034 10035
3 1 2 10032 10033
2 1 3 9261 9262 9263
2 2
3 1 2 9266 9267
3 1 2 9268 9273
2 2
3 1 3 9269 9270 9271
3 1 2 9272 9274
2 1 3 9279 9280 9281
2 2
3 1 2 9286 9287
3 1 2 9288 9291
2 1 3 9292 9293 9294
2 1 4 9512 9513 9514 9515
1 13
2 4
3 1 6 257 2103 2126 6938 9906 10098
3 1 2 7698 7699
3 1 2 8595 8596
3 1 2 8986 8987
2 3
3 2
4 1 2 1630 1631
4 1 1 1632
3 1 2 1633 1634
3 1 3 1889 1890 1891
2 4
3 1 2 1877 1878
3 2
4 2
5 1 1 1879
5 1 2 1885 1888
4 1 2 1886 1887
3 2
4 2
5 1 2 1880 1947
5 1 2 1948 1954
4 1 1 1949
3 2
4 1 3 1893 1894 1895
4 1 2 1896 1897
2 3
3 2
4 1 2 3527 3528
4 1 2 6791 6792
3 1 2 7115 7116
3 1 4 7386 7397 7401 7402
2 4
3 1 10 4554 4555 6805 6815 6816 6817 6835 6854 6855 6856
3 2
4 1 3 6676 6822 6823
4 1 3 9902 9903 9904
3 1 2 6820 6821
3 1 1 7135
2 2
3 1 2 6675 6680
3 1 2 6679 7294
2 3
3 2
4 1 5 6784 6785 6787 6813 6825
4 1 7 6786 6802 6803 6804 6812 6852 6853
3 5
4 2
5 1 5 6788 6798 6801 6844 6860
5 1 2 6842 6843
4 1 2 6793 6794
4 1 2 6799 6800
4 1 2 6828 6829
4 1 2 6859 6861
3 1 2 6857 6858
2 4
3 2
4 1 3 6806 6811 6826
4 1 2 6808 6809
3 1 4 6807 6814 9890 9913
3 3
4 1 2 6831 6832
4 1 2 6833 6834
4 1 2 9914 9915
3 1 3 9891 9892 9893
2 4
3 1 4 6841 6917 6996 7004
3 1 3 6974 6975 6989
3 2
4 1 2 7009 7019
4 1 1 7010
3 1 1 7011
2 2
3 1 3 6847 6848 6849
3 1 2 6850 6851
2 2
3 1 2 6939 6952
3 1 3 6993 6994 6995
2 2
3 2
4 1 1 7156
4 1 2 7172 7173
3 2
4 1 2 7157 7158
4 1 1 7159
2 2
3 2
4 1 2 9894 9895
4 1 2 9896 9897
3 2
4 1 2 9898 9899
4 1 2 9900 9901
1 7
2 1 3 266 267 268
2 2
3 2
4 1 1 269
4 1 4 279 280 315 10069
3 2
4 1 2 312 316
4 1 2 313 314
2 2
3 1 2 276 293
3 1 2 294 295
2 2
3 1 2 281 284
3 1 2 282 283
2 3
3 1 2 285 290
3 1 2 286 287
3 1 2 288 289
2 3
3 1 3 297 298 299
3 2
4 1 2 300 307
4 1 2 305 306
3 2
4 1 2 301 302
4 1 2 303 304
2 1 4 308 309 310 311
1 3
2 1 2 270 271
2 1 2 272 273
2 1 2 274 275
1 4
2 1 6 277 10065 10066 10067 10073 10074
2 1 1 278
2 1 1 10068
2 1 3 10070 10071 10072
1 1 1 291
1 1 1 292
1 8
2 4
3 1 2 334 335
3 2
4 1 2 336 337
4 1 2 338 348
3 1 3 341 342 10091
3 1 1 346
2 3
3 2
4 1 4 339 347 420 471
4 1 1 352
3 1 3 343 344 353
3 1 3 349 350 351
2 3
3 1 2 340 556
3 1 2 554 555
3 1 1 557
2 2
3 2
4 1 2 354 355
4 1 2 356 357
3 2
4 1 2 358 359
4 1 1 360
2 3
3 2
4 1 3 465 469 470
4 1 1 472
3 1 4 466 467 468 525
3 2
4 1 3 524 526 527
4 1 1 528
2 3
3 1 2 529 536
3 1 3 530 531 532
3 1 3 533 534 535
2 1 3 538 539 8847
2 4
3 2
4 1 2 627 628
4 1 3 634 635 636
3 2
4 1 3 629 10092 10093
4 1 1 10094
3 2
4 1 2 630 631
4 1 2 632 633
3 1 2 637 638
1 10
2 4
3 3
4 1 2 361 362
4 1 2 363 364
4 1 2 436 437
3 2
4 1 2 365 434
4 1 1 406
3 2
4 1 2 378 382
4 1 2 380 381
3 1 4 447 448 449 450
2 3
3 2
4 1 2 373 379
4 1 2 374 375
3 2
4 1 2 376 377
4 1 2 491 492
3 2
4 1 2 414 415
4 1 2 416 417
2 2
3 2
4 1 2 391 392
4 1 2 425 426
3 1 4 658 665 10095 10096
2 3
3 2
4 1 2 393 394
4 1 1 399
3 1 2 395 396
3 1 2 397 398
2 3
3 2
4 1 8 400 401 402 403 404 405 451 452
4 1 2 453 454
3 1 4 427 428 429 430
3 1 3 431 432 433
2 1 2 407 408
2 2
3 1 3 418 419 423
3 1 1 424
2 2
3 1 2 438 439
3 1 3 440 441 442
2 7
3 1 2 523 537
3 1 11 1210 1211 1212 1216 1221 1222 1223 1226 1227 1231 1233
3 1 3 1213 1214 1215
3 1 2 1217 1218
3 1 2 1219 1220
3 1 2 1224 1225
3 1 1 1232
2 2
3 1 2 9186 9187
3 1 2 9188 9190
1 2
2 1 6 366 367 368 369 370 371
2 1 1 372
1 1 1 383
1 4
2 2
3 1 2 384 385
3 1 2 386 387
2 1 2 388 389
2 2
3 1 1 390
3 1 2 409 410
2 1 3 411 412 413
1 12
2 3
3 1 2 421 422
3 2
4 1 3 774 786 792
4 1 3 775 781 782
3 2
4 1 3 776 777 778
4 1 2 779 780
2 3
3 1 9 456 457 458 459 460 461 462 463 504
3 1 2 496 497
3 2
4 2
5 1 2 498 499
5 1 2 500 501
4 1 2 502 503
2 4
3 2
4 1 2 464 512
4 1 3 508 509 510
3 1 2 473 475
3 2
4 1 2 476 493
4 1 2 494 495
3 1 2 505 506
2 2
3 1 2 478 479
3 1 2 480 481
2 2
3 1 3 484 485 511
3 1 3 1263 1264 1265
2 2
3 1 5 486 487 488 489 507
3 1 1 490
2 2
3 1 4 513 514 515 521
3 2
4 1 3 516 517 520
4 1 2 518 519
2 2
3 1 2 783 784
3 1 1 785
2 2
3 1 3 787 788 789
3 1 2 790 791
2 1 4 847 848 849 850
2 2
3 1 2 1234 1254
3 1 1 1235
2 1 3 1256 1257 1270
1 10
2 2
3 1 3 435 2953 3017
3 1 3 2954 2955 2956
2 3
3 1 3 1617 1618 1621
3 1 2 1619 1620
3 1 1 1622
2 5
3 2
4 1 5 1991 2984 2999 3031 3111
4 1 1 2983
3 2
4 1 2 3002 3003
4 1 1 3004
3 1 1 3026
3 1 1 3030
3 1 1 3032
2 1 2 2915 2916
2 5
3 1 6 2923 2924 2933 2935 2948 9623
3 1 1 2936
3 1 1 2942
3 1 1 2957
3 1 1 9282
2 5
3 2
4 1 2 2986 2987
4 1 1 2988
3 1 7 2989 3008 3018 3019 3021 3022 3033
3 2
4 1 3 2990 2998 3000
4 1 1 3034
3 1 1 3009
3 1 1 3020
2 4
3 1 2 2994 2995
3 1 2 2996 2997
3 1 1 3027
3 1 2 3028 3029
2 3
3 2
4 1 4 3092 3103 3110 3124
4 1 2 3102 3104
3 1 2 3093 3094
3 4
4 1 2 3105 3225
4 1 2 3107 3108
4 1 1 3109
4 1 2 3226 3227
2 4
3 1 2 3095 3096
3 1 3 3097 3113 3123
3 2
4 1 2 3112 3116
4 1 1 3114
3 1 1 3115
2 1 2 3098 3099
1 2
2 1 3 542 543 544
2 1 2 545 546
1 2
2 2
3 1 2 549 550
3 1 2 551 552
2 2
3 1 1 553
3 1 2 10084 10085
1 1 2 559 560
1 10
2 3
3 2
4 1 1 561
4 1 2 8174 8175
3 1 1 1817
3 1 4 3618 3619 3620 3656
2 2
3 1 6 3589 3590 3599 3611 3711 3714
3 1 2 3625 3626
2 2
3 3
4 1 2 3595 3716
4 1 1 3612
4 1 1 3616
3 1 7 3596 3628 3640 3649 3667 3683 3684
2 3
3 1 4 3597 3598 3606 3607
3 1 2 3637 3638
3 1 2 3655 3690
2 3
3 1 6 3602 3603 3639 3641 3679 3705
3 1 2 3634 3678
3 1 2 3675 3676
2 2
3 1 5 3621 3622 3630 3633 3662
3 1 2 3648 3650
2 5
3 1 6 3629 3646 3647 3673 3674 3688
3 1 2 3671 3677
3 1 1 3691
3 1 2 3707 3708
3 1 2 3718 3719
2 2
3 1 2 3669 3670
3 1 1 3672
2 2
3 1 4 7199 7200 8132 8154
3 1 2 8130 8131
2 1 3 8166 8167 8168
1 2
2 1 2 568 569
2 1 1 570
1 5
2 4
3 1 3 579 580 581
3 1 3 582 583 584
3 1 1 586
3 1 1 606
2 2
3 2
4 1 3 585 603 623
4 1 2 618 624
3 2
4 1 2 619 620
4 1 2 621 622
2 2
3 1 1 587
3 1 2 588 612
2 2
3 1 2 589 596
3 1 3 609 610 611
2 2
3 1 3 604 607 608
3 1 1 605
1 3
2 1 2 590 591
2 1 2 592 593
2 1 2 594 595
1 10
2 2
3 1 2 648 649
3 1 3 650 651 4276
2 5
3 2
4 1 2 751 4275
4 1 1 752
3 1 2 9463 9464
3 3
4 1 2 9465 9466
4 1 2 9467 9468
4 1 2 9469 9470
3 1 1 9944
3 1 2 10170 10171
2 2
3 1 2 1541 1544
3 1 1 1551
2 3
3 2
4 1 2 1547 1548
4 1 2 1549 1550
3 1 2 1554 1555
3 1 2 1580 1581
2 4
3 2
4 1 4 1579 3987 4042 4599
4 1 1 3726
3 1 2 6004 6005
3 1 1 8116
3 1 2 8549 8550
2 2
3 1 2 3264 3265
3 1 2 3266 3267
2 3
3 1 2 3926 3938
3 1 2 3937 3943
3 1 2 3939 3940
2 3
3 1 5 4598 4604 4623 4624 4645
3 1 2 4605 4606
3 1 1 4644
2 3
3 1 4 8610 8611 8618 8619
3 1 1 8620
3 1 2 8621 8622
2 1 3 8615 8616 8617
1 2
2 1 2 652 653
2 1 1 654
1 6
2 2
3 1 3 656 657 4522
3 1 1 6215
2 2
3 1 1 6214
3 1 2 6224 6225
2 1 1 6216
2 1 1 6220
2 2
3 1 1 6221
3 1 1 6222
2 1 1 6226
1 5
2 3
3 1 2 669 670
3 1 2 671 672
3 1 2 896 897
2 2
3 1 2 885 886
3 1 2 887 888
2 2
3 1 2 889 890
3 1 2 891 892
2 1 3 893 894 895
2 2
3 1 3 898 899 900
3 1 1 901
1 5
2 1 2 673 690
2 1 2 684 685
2 1 2 686 691
2 1 1 692
2 1 1 693
1 2
2 2
3 1 3 674 675 676
3 1 2 677 678
2 1 3 679 680 681
1 1 1 682
1 2
2 1 2 694 695
2 1 1 696
1 1 1 755
1 1 7 854 855 856 857 858 859 860
1 1 1 876
1 1 1 877
1 1 1 878
1 1 2 883 884
1 3
2 1 2 906 911
2 1 2 907 908
2 1 2 909 910
1 19
2 4
3 2
4 1 2 914 1148
4 1 1 6625
3 1 3 4388 4389 4521
3 2
4 1 2 7842 7843
4 1 1 7844
3 1 1 8247
2 3
3 2
4 1 3 1447 4243 4467
4 1 2 1448 4727
3 1 3 3444 3919 4503
3 1 2 4386 4387
2 4
3 1 2 3438 3439
3 2
4 1 2 3440 3441
4 1 2 3442 3443
3 1 3 3445 3446 3447
3 1 1 3448
2 1 5 3574 3575 3577 9707 9708
2 3
3 1 3 3913 3914 3917
3 2
4 1 1 3915
4 1 2 9686 9687
3 1 4 3916 4362 4363 4364
2 4
3 2
4 1 3 4335 4556 4557
4 1 2 4583 4584
3 2
4 1 3 4348 4349 4553
4 1 2 4378 4379
3 2
4 1 2 4350 4351
4 1 1 4352
3 1 4 4353 4354 4355 4356
2 7
3 4
4 1 4 4336 4513 4580 4581
4 1 2 4360 4361
4 1 4 4381 4422 4423 4499
4 1 2 4416 4417
3 1 3 4338 4339 4561
3 2
4 1 7 4340 4341 4385 4390 4425 4444 4560
4 1 3 4412 4413 4414
3 1 3 4408 4409 4462
3 1 2 4424 4530
3 1 2 4429 4430
3 1 5 4565 4566 4567 4575 4576
2 6
3 1 4 4337 4491 4533 4552
3 3
4 1 2 4374 4375
4 1 3 4398 4415 4426
4 1 4 4410 4411 4562 4574
3 2
4 1 2 4394 4397
4 1 2 4395 4396
3 1 3 4500 4501 4731
3 1 2 4531 4532
3 1 3 4539 4540 4541
2 4
3 2
4 1 4 4342 4418 4515 4573
4 1 1 4486
3 1 3 4401 4402 4403
3 1 3 4404 9701 9702
3 1 2 4484 4485
2 4
3 1 5 4357 4440 4455 4472 4563
3 1 4 4454 4458 4459 4460
3 1 2 4469 4470
3 2
4 1 2 9704 9705
4 1 1 9706
2 2
3 1 3 4369 4370 4371
3 1 2 4372 4373
2 1 2 4376 4377
2 1 2 4456 4457
2 2
3 1 2 4507 4508
3 1 3 4627 4628 4629
2 2
3 1 2 4568 4569
3 1 3 4570 4571 4572
2 1 3 4577 4578 4579
2 4
3 2
4 1 8 4697 4698 4722 4733 4738 4754 4823 4824
4 1 1 4734
3 1 2 4735 4736
3 1 2 4799 4800
3 1 1 9717
2 4
3 1 5 6061 6062 6082 6112 6149
3 1 2 6072 6073
3 1 3 6173 6174 6175
3 1 2 6191 6192
2 3
3 1 3 7891 7892 7963
3 1 1 7893
3 1 3 7932 7933 7934
1 2
2 1 2 943 944
2 1 1 945
1 6
2 1 2 967 10142
2 3
3 1 3 968 1183 1184
3 1 2 1174 1185
3 1 1 1188
2 1 3 1173 1186 1187
2 1 2 1175 1176
2 1 3 1177 1178 1179
2 1 3 1180 1181 1182
1 2
2 1 2 986 987
2 1 1 988
1 1 2 1008 1009
1 1 1 1029
1 2
2 1 2 1050 1051
2 1 1 1052
1 1 1 1149
1 1 1 1150
1 1 1 1151
1 4
2 1 3 1152 1153 1155
2 2
3 1 3 1154 1156 10202
3 1 2 10200 10201
2 1 1 1157
2 1 1 10203
1 1 1 1158
1 1 1 1159
1 1 1 1160
1 1 1 1161
1 3
2 2
3 1 2 1190 1191
3 1 2 1192 1193
2 2
3 1 2 1194 1195
3 1 2 1196 1197
2 1 2 1198 1199
1 4
2 1 1 1202
2 1 3 1203 1204 1205
2 1 3 1206 1207 1208
2 1 1 1209
1 1 2 1236 1237
1 4
2 3
3 1 3 1271 7372 7374
3 1 5 7369 7370 7371 7373 7377
3 1 2 7375 7376
2 3
3 1 3 6649 6758 6961
3 1 2 6759 6760
3 1 1 8268
2 2
3 1 2 6740 6741
3 2
4 1 1 6742
4 1 2 6744 6745
2 3
3 1 7 7358 7361 7362 7365 7366 7367 7368
3 1 2 7359 7360
3 1 2 7363 7364
1 1 1 1306
1 1 1 1307
1 1 1 1308
1 1 1 1309
1 2
2 1 2 1322 1325
2 1 2 1323 1324
1 1 3 1347 1348 1349
1 2
2 1 2 1362 1363
2 1 1 1364
1 1 2 1365 1366
1 2
2 1 6 1374 1375 1376 1377 1378 1383
2 1 1 1379
1 2
2 1 2 1389 1390
2 1 1 1391
1 3
2 1 2 1392 1393
2 1 2 1394 1395
2 1 1 1396
1 3
2 1 2 1421 1422
2 1 2 1423 1424
2 2
3 1 2 1425 1426
3 1 1 1427
1 2
2 1 4 1428 1429 1430 1431
2 1 1 1432
1 1 2 1454 1455
1 2
2 1 5 1459 1460 1461 1462 1464
2 1 1 1463
1 2
2 1 3 1472 1473 1474
2 1 2 1475 1479
1 2
2 1 2 1490 1491
2 1 1 1774
1 2
2 1 3 1492 1493 1494
2 1 1 1495
1 4
2 1 1 1508
2 1 4 1509 1510 1511 1514
2 1 2 1516 1517
2 1 1 1520
1 2
2 1 2 1522 1523
2 1 1 1524
1 10
2 3
3 1 3 1530 1531 4777
3 1 3 1532 1533 1534
3 1 12 4714 4740 4741 4753 4755 4762 4770 4789 4796 4807 4826 9715
2 5
3 1 4 5436 7453 7467 7490
3 1 2 5437 5438
3 2
4 1 3 7449 7450 7451
4 1 1 7452
3 2
4 1 2 7538 7539
4 1 2 7540 7541
3 1 3 7542 7543 7544
2 6
3 1 2 6490 6527
3 2
4 1 2 6493 6528
4 1 2 6494 6495
3 1 3 6496 6497 6498
3 1 2 6499 6507
3 2
4 1 2 6500 6501
4 1 2 6502 6503
3 1 3 6504 6505 6506
2 4
3 2
4 1 3 6492 7678 7679
4 1 1 7459
3 1 3 7454 7457 7458
3 1 3 7455 7456 7460
3 2
4 1 2 7680 7681
4 1 1 7682
2 3
3 2
4 1 2 6508 6509
4 1 3 6521 6522 6523
3 3
4 1 2 6510 6511
4 1 2 6512 6513
4 1 2 6514 6515
3 2
4 1 2 6516 6520
4 1 3 6517 6518 6519
2 3
3 2
4 1 4 7022 7062 7063 7066
4 1 2 7064 7065
3 1 4 7023 7067 7095 7096
3 1 3 7092 7093 7094
2 4
3 1 3 7461 7466 7468
3 1 2 7462 7463
3 1 2 7464 7465
3 1 2 7469 7479
2 3
3 1 2 7545 7546
3 1 2 7547 7548
3 1 2 7549 7550
2 2
3 2
4 1 3 8529 8530 8551
4 1 1 8552
3 2
4 1 3 8531 8533 8546
4 1 3 8532 8543 8547
2 3
3 1 4 8534 8535 8536 8553
3 1 2 8537 8542
3 1 4 8538 8539 8540 8544
1 7
2 1 2 1536 1588
2 2
3 1 1 1542
3 1 3 1564 1565 1574
2 4
3 2
4 1 2 1543 1566
4 1 3 1557 1560 1561
3 2
4 1 2 1556 1575
4 1 1 1576
3 1 2 1567 1568
3 1 1 1573
2 4
3 1 2 7024 7061
3 1 3 7025 7043 7097
3 1 3 7037 7038 7039
3 1 3 7040 7041 7042
2 2
3 1 3 7044 7047 7048
3 1 2 7045 7046
2 1 2 8564 8565
2 1 1 9482
1 1 2 1545 1546
1 1 2 1552 1553
1 2
2 1 2 1562 1563
2 1 1 1569
1 2
2 1 2 1570 1571
2 1 1 1572
1 1 3 1589 1590 1591
1 1 2 1592 1593
1 1 2 1595 1596
1 13
2 4
3 2
4 1 2 1597 1598
4 1 1 1599
3 2
4 1 2 1612 5610
4 1 3 6000 6001 6002
3 1 3 1613 1627 1628
3 1 2 9410 9411
2 2
3 1 3 1624 1625 1626
3 1 1 1629
2 3
3 1 3 1898 1913 1914
3 1 3 1901 1902 1915
3 1 2 1911 1912
2 3
3 1 4 1899 1904 1905 1916
3 2
4 1 2 1900 1922
4 1 2 1909 1910
3 2
4 1 2 1906 1921
4 1 2 1919 1920
2 2
3 1 2 1917 1918
3 1 3 1965 1966 1967
2 5
3 1 6 6003 6014 6015 6101 6133 6181
3 1 4 6025 6103 6201 6202
3 1 2 6041 6042
3 2
4 1 2 6043 6044
4 1 2 6045 6046
3 1 3 6135 6136 6137
2 4
3 1 2 6009 6010
3 2
4 1 9 6033 6034 6040 6067 6071 6102 6111 6121 6164
4 1 2 6176 6184
3 1 2 6037 6038
3 1 2 6199 6200
2 3
3 1 2 6016 6018
3 1 5 6017 6047 6146 6168 6194
3 1 2 6177 6178
2 3
3 1 19 6019 6020 6021 6022 6063 6069 6116 6122 6123 6124 6128 6134 6138 6142 6143 6167 6179 6182 6193
3 1 2 6095 6096
3 1 2 6117 6118
2 2
3 1 5 6029 6030 6031 6032 6110
3 2
4 1 2 6151 6152
4 1 3 6153 6154 6155
2 3
3 2
4 1 3 6059 6060 6119
4 1 1 6190
3 1 4 6083 6084 6085 6115
3 2
4 1 2 6186 6187
4 1 2 6188 6189
2 2
3 1 3 6086 6087 6094
3 1 3 6125 6126 6127
2 1 2 6160 6161
1 3
2 1 3 1601 1602 1610
2 1 1 1603
2 1 1 1611
1 7
2 1 7 1607 7822 7823 7825 7828 7829 7835
2 1 2 1608 1609
2 3
3 1 2 7811 7812
3 1 2 7813 7830
3 1 3 7816 7817 7818
2 1 3 7814 7815 7824
2 1 2 7836 7837
2 1 2 7838 7839
2 2
3 1 3 8745 8746 8747
3 1 1 8748
1 2
2 1 2 1614 1615
2 1 1 1616
1 1 1 1695
1 13
2 4
3 1 3 1700 3426 3427
3 1 2 1715 9688
3 1 3 3415 3416 3460
3 1 2 5576 5577
2 3
3 1 2 3757 3762
3 2
4 1 3 3758 3759 3766
4 1 3 3760 3761 3770
3 1 3 3763 3764 3765
2 3
3 1 8 3771 3772 4035 4127 4136 4137 4202 4203
3 1 6 3981 3982 4009 4058 4100 4101
3 1 1 4036
2 5
3 1 12 3976 3977 4014 4053 4064 4155 4167 4185 4210 4219 4232 4439
3 1 3 3979 4244 4271
3 1 6 3993 3994 4239 4240 4262 4273
3 1 2 4229 4230
3 1 3 4241 4242 9696
2 1 2 3978 3980
2 1 22 3988 3989 3990 4146 4147 4166 4169 4170 4186 4191 4192 4194 4196 4204 4207 4225 4266 4267 4280 4281 4282 9698
2 4
3 1 11 3999 4000 4044 4079 4107 4108 4125 4139 4172 4190 4211
3 1 2 4128 4156
3 1 2 9689 9690
3 1 2 9693 9694
2 1 17 4001 4002 4077 4135 4140 4143 4144 4171 4178 4179 4187 4213 4214 4216 4217 4257 4263
2 2
3 1 10 4003 4004 4056 4087 4098 4102 4138 4141 4168 4188
3 1 2 4104 4105
2 1 6 4007 4008 4055 4057 4118 4126
2 3
3 1 2 4010 4011
3 1 7 4012 4096 4097 4099 4121 4122 4154
3 1 2 4119 4120
2 3
3 1 6 4013 4018 4019 4020 4021 4181
3 1 4 4016 4017 4052 4059
3 2
4 1 2 4182 4183
4 1 2 4184 4226
2 2
3 1 5 4054 4258 4259 4260 4261
3 1 3 4245 4246 4247
1 7
2 4
3 1 12 1710 2106 2128 2142 2147 2154 2155 2156 2157 2167 2169 2189
3 1 2 2158 2159
3 1 2 2166 2179
3 1 2 2171 2172
2 1 7 1711 2146 2150 2153 2175 2176 6963
2 3
3 1 3 2151 2152 2168
3 1 2 6942 6964
3 1 1 6962
2 1 2 2163 2180
2 2
3 2
4 1 2 2173 2183
4 1 2 2177 2178
3 1 3 2184 2185 2186
2 1 3 6840 6940 6941
2 1 2 7447 9975
1 2
2 1 3 1723 1724 1725
2 1 1 1726
1 3
2 1 4 1737 1738 1790 7987
2 1 2 1788 1789
2 1 2 8273 8274
1 2
2 1 2 1745 1746
2 1 1 1747
1 1 1 1750
1 1 2 1772 1773
1 2
2 1 3 1791 1792 1793
2 1 5 1794 1795 1804 1805 1806
1 3
2 1 3 1797 1798 1799
2 1 3 1800 1801 1802
2 1 1 1803
1 1 1 1816
1 1 1 1830
1 1 1 1831
1 1 1 1840
1 2
2 1 5 1845 1846 1847 1848 1849
2 1 1 1850
1 1 1 1866
1 1 1 1930
1 1 3 1933 1934 9518
1 1 1 1935
1 7
2 3
3 1 10 1938 1939 1997 1998 2037 2101 2119 2127 2170 9376
3 1 2 2036 2258
3 1 2 2223 2224
2 4
3 1 3 1969 1970 1995
3 1 2 1971 2096
3 1 2 1976 1977
3 1 1 2035
2 3
3 2
4 1 2 2046 3319
4 1 2 9641 9642
3 1 2 3320 3321
3 1 2 9643 9644
2 2
3 1 10 2201 2202 2203 2204 2232 2244 2245 2246 2304 2305
3 1 1 2208
2 2
3 1 2 2213 2214
3 1 1 2215
2 4
3 1 5 3821 3822 3879 3880 3887
3 2
4 1 3 3823 3824 3891
4 1 4 3874 3888 3889 3890
3 2
4 1 2 3875 3877
4 1 1 3876
3 1 2 9674 9675
2 1 4 3881 3882 3883 3884
1 13
2 5
3 1 4 1944 1945 2001 10237
3 1 1 1981
3 1 1 1985
3 1 2 2135 2136
3 1 4 2355 2356 2357 2358
2 4
3 1 3 3072 7730 7731
3 2
4 2
5 1 2 3073 3074
5 1 1 3075
4 1 2 3082 3083
3 1 3 3084 3085 3086
3 1 2 3087 3088
2 2
3 2
4 1 2 3885 3886
4 1 3 6603 6604 9388
3 1 3 6353 6354 6605
2 2
3 1 2 6238 6581
3 1 2 6582 6583
2 4
3 1 5 6239 6287 6369 6565 6613
3 2
4 2
5 1 2 6320 6474
5 1 2 6343 6606
4 1 2 6403 6404
3 1 3 6366 6367 6368
3 1 2 6485 6486
2 3
3 2
4 1 3 6283 6285 6286
4 1 2 6299 6300
3 1 7 6284 6570 6591 6592 6593 6594 6597
3 1 2 6595 6596
2 4
3 2
4 1 6 6298 8032 8053 8054 8055 8056
4 1 1 8033
3 1 1 8042
3 1 3 8050 8051 8052
3 1 2 8057 8058
2 1 5 6315 6316 6317 6318 6319
2 1 4 6330 6331 6332 6333
2 2
3 2
4 1 2 6337 6338
4 1 3 6339 6340 6341
3 2
4 1 2 6342 9391
4 1 2 9389 9390
2 1 3 6469 6470 6471
2 1 2 6483 6484
2 2
3 1 2 6540 6543
3 1 2 6541 6542
1 1 3 1951 1952 1953
1 2
2 1 5 1992 6139 6140 6150 6185
2 1 2 6165 6166
1 23
2 6
3 1 6 2000 4231 4840 5174 5346 5474
3 1 2 4911 4912
3 2
4 1 4 4913 5212 5274 5329
4 2
5 1 2 5091 5266
5 1 1 5273
3 2
4 1 2 4943 9952
4 1 1 5439
3 2
4 1 2 5322 5323
4 1 1 5324
3 1 3 5335 5336 5337
2 4
3 1 2 4841 4871
3 1 4 4842 4863 4867 4869
3 1 2 4864 4865
3 1 2 4866 4868
2 4
3 2
4 1 3 4843 4844 4845
4 1 2 4846 4847
3 3
4 1 4 4851 4852 4870 4876
4 1 1 4853
4 1 1 4872
3 1 5 4854 4857 4858 4859 4860
3 2
4 1 4 4855 4856 4877 4878
4 1 2 4861 4862
2 6
3 2
4 1 3 4848 4849 6529
4 2
5 1 2 4874 4875
5 1 2 6530 6531
3 3
4 2
5 1 2 4850 5106
5 1 1 5211
4 1 2 4948 4949
4 1 3 5103 5104 5105
3 1 2 5187 5188
3 1 3 5208 5209 5210
3 1 2 5304 5305
3 3
4 1 2 6532 6537
4 1 2 6533 6534
4 1 2 6535 6536
2 5
3 1 2 4881 5285
3 1 5 4882 5033 9741 9742 9743
3 2
4 2
5 1 1 5278
5 1 2 5282 5283
4 1 3 5279 5280 5281
3 4
4 1 3 9752 9760 9761
4 1 2 9753 9754
4 1 3 9755 9756 9757
4 1 3 9758 9759 9762
3 1 2 9763 9764
2 5
3 1 3 4883 9720 9721
3 1 3 4925 4926 4927
3 2
4 1 4 4928 4929 9777 9778
4 2
5 1 2 4930 4931
5 1 2 5257 5258
3 1 4 4939 4940 4941 4942
3 2
4 2
5 1 2 5306 5310
5 1 2 5307 5308
4 1 3 5309 5311 5312
2 5
3 2
4 1 7 4891 4892 4893 5084 5085 5270 5353
4 1 1 5354
3 1 3 4944 4945 4946
3 1 1 5086
3 1 3 5271 5272 5338
3 1 3 5339 5340 5341
2 4
3 2
4 1 2 4894 9728
4 1 2 4895 9727
3 2
4 1 7 4914 4915 4916 4920 5373 9789 9810
4 1 2 4919 5372
3 1 4 4917 4918 4922 4966
3 1 3 4923 4924 4960
2 2
3 1 4 4896 4899 4900 4901
3 1 2 4897 4898
2 4
3 2
4 1 3 4902 4905 5374
4 1 2 4903 4904
3 1 3 5267 5268 5269
3 2
4 1 2 5300 5301
4 1 1 5302
3 1 3 9781 9782 9783
2 3
3 2
4 1 2 4906 4907
4 1 2 4908 9797
3 1 5 9790 9791 9792 9795 9796
3 1 2 9793 9794
2 2
3 1 4 4932 4933 4937 4938
3 1 3 4934 4935 4936
2 2
3 1 3 4947 4950 4951
3 1 3 4952 4953 4954
2 4
3 1 3 4959 9784 9785
3 1 4 5242 5243 5245 5246
3 1 3 5244 5297 5299
3 2
4 1 2 5298 5344
4 1 1 5345
2 5
3 2
4 1 3 4991 4992 4993
4 1 2 4994 4995
3 1 2 4996 4997
3 2
4 1 3 4998 5330 5331
4 1 2 5342 5343
3 1 3 4999 5000 5001
3 1 2 9779 9780
2 2
3 2
4 1 2 5002 5003
4 1 3 5247 5248 5249
3 1 4 5175 5176 5177 5178
2 2
3 1 5 5236 5237 5238 5239 5240
3 1 3 5241 5350 5351
2 2
3 1 3 5262 5263 5264
3 1 1 5265
2 1 3 5360 5361 5362
2 4
3 1 4 5388 5392 5393 5397
3 2
4 1 2 5389 5390
4 1 3 5391 9801 9802
3 1 3 5394 5395 5396
3 1 2 5398 5399
2 3
3 1 2 5475 5476
3 1 2 5477 5478
3 1 1 5479
2 1 3 9786 9787 9788
2 2
3 1 4 9798 9799 9800 9803
3 1 2 9804 9805
1 6
2 2
3 1 2 2016 2017
3 1 1 6294
2 1 2 6255 6256
2 1 1 6277
2 1 1 6293
2 1 2 6310 6311
2 1 2 6345 6346
1 8
2 2
3 1 3 2025 6172 9963
3 1 2 9284 9285
2 1 6 6080 6081 6098 6108 6109 6132
2 2
3 1 3 8186 8189 8190
3 1 2 8187 8188
2 4
3 2
4 1 2 8191 8192
4 1 2 8193 8198
3 1 2 8194 8218
3 1 3 8195 8196 8197
3 1 3 8217 8231 8232
2 3
3 1 3 8199 8201 9957
3 1 3 8219 8220 8221
3 1 2 8222 9951
2 2
3 1 2 8213 8214
3 1 2 8215 8216
2 3
3 1 4 8225 9964 9965 9968
3 2
4 1 2 8226 8227
4 1 2 8228 9969
3 1 2 9966 9967
2 1 3 9953 9954 9955
1 8
2 3
3 2
4 1 3 2028 4590 4642
4 1 1 3724
3 1 1 3753
3 3
4 1 1 4593
4 1 2 4620 4656
4 1 1 4657
2 3
3 1 3 4586 4655 4662
3 1 3 4587 4609 4616
3 1 2 4607 4608
2 1 4 4612 4613 4643 4647
2 2
3 1 3 4617 4618 4619
3 1 2 4653 4654
2 2
3 1 3 4635 4636 8496
3 1 2 8497 8498
2 1 2 4641 4666
2 2
3 1 2 8493 8494
3 2
4 1 1 8495
4 1 2 8505 8506
2 2
3 1 3 8499 8500 8501
3 1 3 8502 8503 8504
1 6
2 3
3 1 4 2040 5914 5921 5922
3 1 2 5903 5904
3 1 2 5915 5916
2 1 5 5901 5902 5905 5913 5920
2 3
3 1 2 5934 5935
3 1 2 5936 5937
3 1 2 5938 5939
2 1 3 5942 5943 5944
2 1 2 5945 5946
2 1 2 5947 5948
1 1 2 2047 2048
1 1 1 2067
1 5
2 4
3 2
4 1 2 2069 2070
4 1 1 2071
3 1 4 2084 2087 2092 2093
3 1 2 2085 2086
3 1 2 2094 2095
2 2
3 1 6 2072 2073 2074 2078 2079 2080
3 1 1 2081
2 1 2 2075 2076
2 1 3 2077 2082 2083
2 1 4 2088 2089 2090 2091
1 1 1 2097
1 1 1 2108
1 6
2 2
3 1 5 2187 9243 9244 9245 9640
3 1 2 9612 9613
2 2
3 2
4 1 2 2840 2847
4 1 1 2841
3 1 2 2862 2863
2 1 3 3299 3304 3310
2 2
3 1 3 3300 3301 3302
3 1 1 3303
2 2
3 1 2 3307 3312
3 1 2 3308 3309
2 2
3 1 1 9437
3 1 5 9453 9454 9455 9456 9457
1 2
2 1 2 2190 2191
2 1 1 2192
1 1 2 2197 2198
1 2
2 1 2 2225 2226
2 1 1 2227
1 2
2 1 2 2248 2249
2 1 1 2250
1 1 2 2275 2276
1 2
2 2
3 1 2 2301 2303
3 1 1 2302
2 1 3 2306 2307 2312
1 1 3 2309 2310 2311
1 1 2 2319 2320
1 1 1 2333
1 1 1 2337
1 1 1 2338
1 1 1 2339
1 1 1 2340
1 2
2 1 1 2342
2 1 2 2347 2350
1 3
2 2
3 1 1 2343
3 1 2 2344 2345
2 1 1 2346
2 1 2 2351 2352
1 1 1 2371
1 2
2 1 2 2379 2380
2 1 1 2381
1 1 1 2394
1 2
2 1 2 2398 2399
2 1 1 2400
1 2
2 1 7 2401 2402 2403 2407 2449 2495 2533
2 1 2 2405 2406
1 2
2 1 3 2408 2409 2412
2 1 2 2410 2411
1 2
2 2
3 1 2 2413 2414
3 1 2 2415 2416
2 1 1 2417
1 15
2 5
3 2
4 1 3 2426 2430 2455
4 1 2 2525 2526
3 1 3 2444 2445 2446
3 2
4 1 4 2450 2451 2452 2456
4 1 2 2454 2457
3 3
4 1 3 2458 2555 2556
4 1 1 2480
4 1 2 2492 2557
3 1 3 2469 2470 2471
2 4
3 2
4 1 2 2427 2568
4 1 2 2482 2483
3 1 2 2484 2485
3 1 3 2486 2487 2488
3 2
4 1 3 2489 2490 9581
4 1 2 9579 9580
2 1 2 2459 2644
2 3
3 1 3 2460 2461 2462
3 1 3 2463 2464 2466
3 1 1 2465
2 2
3 2
4 1 3 2472 2473 2476
4 1 2 2474 2475
3 1 3 2477 2478 9565
2 4
3 2
4 1 4 2479 2491 2510 2532
4 1 1 2580
3 3
4 1 2 2493 2496
4 1 3 2494 2498 2499
4 1 1 2497
3 2
4 1 3 2549 2550 2551
4 1 2 2552 2553
3 1 2 2554 9589
2 3
3 1 5 2481 2569 2570 2573 2574
3 1 2 2571 2572
3 1 2 9591 9592
2 2
3 1 6 2502 2503 2504 2505 2506 2509
3 1 2 2507 2508
2 3
3 2
4 1 2 2519 2523
4 1 2 2520 2521
3 2
4 1 5 2522 2527 2534 2535 2545
4 1 1 2546
3 4
4 1 4 2542 2543 2565 9590
4 1 1 2544
4 1 2 2547 2548
4 1 2 2566 2567
2 2
3 1 3 2524 9585 9588
3 1 2 9586 9587
2 2
3 1 2 2528 2529
3 1 2 2530 2531
2 2
3 2
4 1 3 2559 2561 2564
4 1 1 2562
3 1 2 2560 2563
2 3
3 1 2 2624 2625
3 1 5 2626 2627 2628 2629 2630
3 1 2 2631 2632
2 2
3 2
4 1 2 2641 9572
4 1 1 2642
3 1 4 9571 9582 9583 9584
2 3
3 1 2 9573 9574
3 1 2 9575 9576
3 1 2 9577 9578
1 2
2 1 4 2433 2434 2435 2436
2 2
3 1 2 2440 2443
3 1 2 2441 2442
1 2
2 1 2 2437 2438
2 1 1 2439
1 4
2 1 2 2447 2448
2 2
3 1 2 9556 9557
3 1 2 9558 9559
2 1 2 9560 9561
2 1 3 9562 9563 9564
1 3
2 1 2 2511 2514
2 1 2 2512 2513
2 1 1 2515
1 2
2 1 2 2516 2517
2 1 1 2518
1 2
2 1 4 2536 2537 2538 2539
2 1 2 2540 2541
1 2
2 1 3 2575 2576 2577
2 1 2 2578 2579
1 3
2 1 2 2584 2585
2 1 3 2586 2587 2588
2 1 2 2589 2590
1 10
2 3
3 1 7 2591 2679 2695 2698 2699 2710 2711
3 1 3 2705 2706 2730
3 1 4 2734 2741 2742 2743
2 1 4 2592 2593 2594 2595
2 6
3 3
4 1 5 2661 2729 2754 9599 9600
4 1 2 2760 2761
4 1 3 9601 9602 9603
3 3
4 1 2 2682 2683
4 1 6 2686 2728 2736 9596 9597 9598
4 1 1 2731
3 1 2 2707 2712
3 1 2 2744 2745
3 1 3 2764 2765 9604
3 1 3 9605 9606 9607
2 4
3 1 4 2666 2667 2763 9595
3 1 2 2708 2709
3 3
4 1 2 2713 2714
4 1 1 2759
4 1 2 2766 2767
3 1 2 2768 2769
2 3
3 2
4 1 2 2668 2669
4 1 1 2670
3 1 4 2724 2732 2733 2735
3 1 3 2725 2726 2727
2 2
3 2
4 1 3 2674 2685 2721
4 1 2 2696 2697
3 1 3 2684 2693 2722
2 4
3 1 4 2675 2676 2677 2680
3 2
4 1 2 2681 2746
4 1 2 2747 2748
3 1 3 2690 2691 2692
3 2
4 1 3 2749 2750 9608
4 1 1 9609
2 2
3 1 3 2700 2701 2702
3 1 3 2703 2704 2762
2 2
3 2
4 1 2 2715 2716
4 1 1 2719
3 1 2 2717 2718
2 1 3 2751 2752 2753
1 3
2 2
3 1 2 2599 2600
3 1 2 2601 2602
2 1 3 2603 2604 2605
2 2
3 1 3 2606 2607 2608
3 1 1 2609
1 2
2 1 4 2610 2611 2612 2613
2 2
3 1 2 2614 2615
3 1 2 2616 2617
1 1 3 2620 2621 2622
1 2
2 1 4 2635 2636 2637 2638
2 1 2 2639 2640
1 3
2 1 3 2649 2650 2653
2 1 2 2651 2652
2 1 1 2654
1 2
2 1 2 2655 2656
2 1 1 2657
1 20
2 3
3 1 3 2688 6690 6734
3 1 1 2689
3 1 2 8765 8766
2 1 3 6539 9887 9888
2 2
3 1 6 6636 6637 6639 6646 6656 6712
3 1 3 6704 6705 6706
2 4
3 2
4 2
5 1 11 6638 6642 6657 6665 6670 6671 6707 6719 6723 6727 6729
5 1 3 6645 6647 6672
4 1 2 6692 6731
3 1 2 6648 6716
3 1 2 6685 6686
3 1 3 6699 6700 6720
2 1 2 6640 6641
2 1 3 6650 6651 6652
2 1 3 6653 6654 6655
2 1 3 6659 6660 6661
2 1 3 6662 6663 6664
2 2
3 1 7 6666 6667 6668 6669 6687 6691 6695
3 1 2 6688 6689
2 1 2 6681 6682
2 1 2 6683 6684
2 1 2 6693 6694
2 1 5 6697 6698 6721 6722 6730
2 1 3 6701 6702 6703
2 2
3 1 2 6708 6710
3 1 2 6709 6711
2 1 3 6713 6714 6715
2 1 2 6717 6718
2 2
3 1 2 6724 6725
3 1 2 6726 6728
2 1 2 6732 6733
1 5
2 3
3 1 3 2771 2772 2773
3 1 2 2774 2775
3 2
4 1 2 2776 2798
4 1 2 2782 2784
2 2
3 1 2 2777 2779
3 1 2 2778 2780
2 1 3 2781 2795 2796
2 3
3 1 3 2785 2786 2787
3 1 2 2792 2793
3 1 1 2794
2 2
3 2
4 1 1 2788
4 1 2 2790 2791
3 1 4 9553 9554 9555 9593
1 2
2 1 2 2801 2803
2 1 1 2802
1 3
2 3
3 1 1 2806
3 1 2 2807 2808
3 1 1 2809
2 1 3 2810 2811 2812
2 1 5 2813 2814 2815 2816 2817
1 1 2 2818 2819
1 10
2 1 3 2820 2821 2823
2 4
3 1 3 2822 2905 2906
3 1 2 2902 2903
3 1 1 2907
3 1 2 3171 3172
2 5
3 1 3 2831 2832 9610
3 1 2 2833 2834
3 2
4 1 2 2842 2843
4 1 2 9611 9620
3 1 1 2844
3 1 1 9621
2 3
3 2
4 1 2 2904 3233
4 1 2 3234 3235
3 2
4 1 3 3274 3275 3281
4 1 2 3276 3277
3 1 3 3278 3279 3280
2 6
3 1 3 3222 3223 3253
3 1 2 3224 3286
3 1 2 3230 3231
3 1 2 3236 3237
3 1 1 3254
3 1 2 3262 3263
2 3
3 2
4 1 2 3228 3229
4 1 2 3255 3256
3 1 3 3257 3258 3259
3 1 2 3260 3261
2 4
3 3
4 1 2 3251 3252
4 1 2 8407 8419
4 1 2 8417 8418
3 2
4 1 2 8401 8402
4 1 2 8403 8420
3 2
4 1 4 8404 8405 8406 8410
4 1 2 8408 8409
3 2
4 1 2 8411 8421
4 1 2 8425 8426
2 2
3 1 2 3268 3271
3 1 2 3272 3273
2 1 6 3282 3283 3284 3285 3287 3288
2 3
3 1 3 8397 8398 8399
3 1 3 8400 8412 8413
3 1 3 8414 8415 8416
1 19
2 3
3 2
4 1 2 2825 3269
4 1 2 3064 3177
3 2
4 1 2 2826 2827
4 1 1 2828
3 1 5 3063 3187 3188 3189 3190
2 4
3 2
4 1 2 2837 2838
4 1 1 4142
3 1 3 2980 2981 9380
3 1 4 3036 3388 4161 4162
3 1 4 3920 3921 3922 3923
2 5
3 2
4 1 14 2839 2859 2901 3306 3311 3353 3401 3428 3609 3657 3704 3720 3778 9379
4 1 4 2947 3133 3232 3558
3 2
4 1 5 2921 3524 3525 4320 4321
4 1 2 2930 2931
3 1 7 2982 3025 3543 3544 3819 3968 4103
3 1 2 3731 4015
3 1 2 3832 3833
2 1 7 2857 2858 2882 2883 3106 4205 9377
2 1 2 2919 2920
2 4
3 1 9 2943 2944 2958 2959 2960 3209 3210 4234 4236
3 1 2 2945 2946
3 1 2 4233 4235
3 1 2 4237 4238
2 1 3 2968 2969 2970
2 2
3 1 4 3076 3077 3078 3270
3 1 2 3893 3894
2 2
3 1 3 3291 3463 4303
3 1 2 4034 4283
2 3
3 2
4 1 4 3292 3336 3809 4215
4 1 3 4129 4130 4131
3 2
4 1 5 3794 3795 3798 3941 3942
4 1 2 3796 3797
3 1 2 3845 3846
2 1 3 3534 3535 3694
2 1 3 3928 3929 3930
2 1 2 3997 3998
2 1 2 4073 4074
2 2
3 1 3 4093 4094 9386
3 1 2 9384 9385
2 1 5 4113 4114 4115 4116 4117
2 2
3 1 2 4198 4199
3 1 2 4200 4201
2 1 2 4249 4250
2 1 2 4272 9381
1 1 2 2829 2830
1 1 2 2835 2836
1 1 2 2845 2846
1 5
2 3
3 1 9 2849 2860 2870 2871 2884 2885 2886 2888 2889
3 1 3 2861 2866 2867
3 1 2 2864 2865
2 3
3 1 4 2850 2855 2856 2872
3 1 1 2851
3 1 3 2853 2854 2873
2 2
3 2
4 1 3 2852 9615 9616
4 1 2 9614 9617
3 1 2 9618 9619
2 2
3 1 3 2874 2875 2876
3 1 2 2877 2878
2 1 3 2879 2880 2881
1 3
2 1 3 2890 2891 2892
2 2
3 1 2 2893 2894
3 1 2 2895 2896
2 2
3 1 3 2897 2898 2899
3 1 1 2900
1 2
2 1 3 2908 2909 2910
2 1 5 2911 2912 2913 2932 2962
1 1 2 2917 2918
1 1 1 2922
1 12
2 4
3 1 4 2934 8684 8688 8695
3 1 5 8586 8637 8638 8658 8681
3 2
4 1 3 8626 8645 8646
4 1 1 8677
3 1 2 8669 8676
2 3
3 2
4 1 2 8554 8576
4 1 2 8555 8558
3 1 8 8591 8642 8651 8663 8666 8671 8682 8699
3 1 2 8655 8656
2 2
3 1 4 8568 8569 8590 8683
3 1 2 8570 8571
2 2
3 1 3 8572 8573 8575
3 1 2 8574 8580
2 2
3 1 4 8579 8584 8585 8587
3 1 3 8581 8582 8583
2 3
3 1 3 8624 8647 8694
3 2
4 1 3 8627 8690 8712
4 1 5 8633 8634 8696 8707 8711
3 1 7 8629 8630 8631 8650 8672 8701 8702
2 6
3 1 8 8625 8632 8635 8636 8670 8673 8689 8708
3 1 3 8643 8644 8657
3 1 2 8654 8659
3 1 2 8660 8661
3 1 2 8679 8680
3 2
4 1 3 8703 8704 8710
4 1 2 8705 8706
2 1 3 8639 8640 8641
2 3
3 2
4 1 3 8648 8649 8716
4 1 2 8715 8733
3 1 2 8717 8718
3 1 1 8721
2 2
3 1 4 8674 8691 8692 8709
3 1 1 8693
2 2
3 1 2 8685 8686
3 1 2 8687 9974
2 3
3 1 3 8726 8727 8728
3 1 2 8729 8730
3 1 1 8731
1 2
2 1 2 2937 2938
2 1 3 2939 2940 2941
1 2
2 1 2 2949 2950
2 1 1 2961
1 2
2 2
3 1 2 2963 2964
3 1 2 2965 2966
2 1 1 2967
1 1 2 2975 2976
1 1 1 2979
1 2
2 1 2 2985 3015
2 1 1 3016
1 2
2 1 2 2991 2992
2 1 1 2993
1 2
2 1 2 3005 3006
2 1 1 3007
1 5
2 2
3 1 2 3010 3013
3 1 2 9626 9627
2 1 2 3011 3012
2 1 3 3014 3023 3024
2 1 1 3035
2 1 2 9624 9625
1 3
2 2
3 1 2 3040 3046
3 1 2 3041 3042
2 2
3 1 1 3043
3 1 2 3044 3045
2 1 2 3047 3048
1 1 1 3068
1 10
2 2
3 1 16 3079 3080 3081 3135 3144 3145 3146 3147 3148 3149 3150 3193 3194 3195 3196 3198
3 1 2 3164 3168
2 4
3 2
4 1 2 3128 3129
4 1 2 3153 3176
3 1 2 3151 3152
3 3
4 1 2 3154 3155
4 1 2 3156 3157
4 1 2 3158 3159
3 2
4 1 2 3183 3199
4 1 2 3184 3185
2 2
3 1 3 3136 3137 3138
3 1 2 3139 3140
2 2
3 2
4 1 3 3141 3175 3197
4 1 1 3182
3 2
4 1 2 3165 3166
4 1 5 3173 3174 3186 3207 3208
2 1 2 3142 3143
2 2
3 1 4 3167 3169 3178 3179
3 1 1 3170
2 1 2 3180 3181
2 1 5 3211 3212 3213 3214 3215
2 1 2 9636 9637
2 1 2 9638 9639
1 2
2 1 2 3089 3090
2 1 1 3091
1 3
2 1 3 3100 3118 3119
2 1 1 3101
2 1 1 3120
1 1 2 3125 3126
1 5
2 1 2 3238 3239
2 1 3 3240 3241 3242
2 2
3 1 2 3243 3244
3 1 2 3245 3246
2 1 2 3247 3248
2 1 2 3249 3250
1 3
2 1 1 3289
2 1 1 3290
2 1 2 3297 3298
1 2
2 1 3 3293 3294 3295
2 1 1 3296
1 1 2 3313 3314
1 1 4 3315 3316 3317 3318
1 6
2 1 7 3322 3323 3345 3348 3349 3354 3360
2 2
3 1 3 3326 3327 3365
3 1 7 3338 3339 3346 3347 3350 3351 9645
2 1 3 3328 3329 3337
2 1 5 3330 3331 3332 3352 3355
2 1 3 3334 3335 3359
2 2
3 1 2 3361 3380
3 1 1 3362
1 2
2 1 2 3324 3325
2 1 2 3363 3364
1 3
2 1 2 3340 3341
2 1 4 3342 3368 3369 3377
2 1 3 3370 3371 3372
1 1 2 3343 3344
1 2
2 1 2 3356 3357
2 1 1 3358
1 9
2 2
3 1 3 3366 3367 3706
3 1 2 3692 3693
2 2
3 1 5 7165 7171 7268 7269 7290
3 1 2 7270 7291
2 2
3 1 6 7170 7232 7244 7245 7272 7286
3 1 2 7197 7198
2 2
3 1 4 7180 7246 7263 7264
3 2
4 1 2 7206 7207
4 1 1 7208
2 1 2 7181 7182
2 4
3 1 4 7185 7186 7187 7192
3 2
4 1 2 7188 7189
4 1 2 7190 7191
3 3
4 1 2 7193 7202
4 1 2 7203 7204
4 1 1 7205
3 1 1 7194
2 3
3 1 5 7229 7230 7231 7233 7234
3 1 2 7235 7236
3 1 3 7237 7238 7239
2 1 2 7287 7288
2 2
3 1 1 8958
3 1 2 8959 8960
1 1 4 3373 3374 3375 3376
1 1 2 3378 3379
1 4
2 2
3 1 2 3384 3385
3 1 2 3392 3393
2 2
3 1 3 3386 3387 3391
3 1 2 3389 3390
2 1 2 3394 3395
2 2
3 1 2 3398 3399
3 1 1 3400
1 2
2 2
3 1 2 3402 3403
3 1 2 3404 3420
2 1 3 3421 3422 3423
1 1 3 3433 3434 3435
1 1 2 3436 3437
1 5
2 1 2 3449 3450
2 1 3 3451 3452 3458
2 1 2 3453 3454
2 1 3 3455 3456 3457
2 1 1 3459
1 1 2 3464 3465
1 7
2 3
3 1 4 3478 3479 3489 3492
3 1 5 3482 3483 3484 3487 4502
3 2
4 1 2 3486 9650
4 1 2 9648 9649
2 3
3 1 3 3485 10028 10031
3 1 4 4287 4288 4295 4329
3 1 2 4648 4649
2 3
3 2
4 1 4 4284 4285 4307 4327
4 1 2 4294 4326
3 1 5 4296 4297 4301 4304 4328
3 2
4 1 3 4322 4323 9700
4 1 2 4324 4325
2 3
3 1 5 4286 4298 4299 4300 4330
3 1 2 4308 4309
3 2
4 1 2 4310 4311
4 1 2 4312 9699
2 3
3 1 2 4313 4314
3 1 2 4315 4319
3 1 3 4316 4317 4318
2 2
3 2
4 1 3 4333 4334 4638
4 1 2 4660 4661
3 1 5 4630 4631 4632 4639 9713
2 2
3 1 4 4594 4595 4596 4667
3 1 3 4650 4651 4652
1 1 2 3490 3491
1 7
2 3
3 1 5 3500 3501 3520 3541 9651
3 1 1 3521
3 1 3 3531 3532 3533
2 1 7 3502 3509 3510 3511 3514 3529 3530
2 1 2 3503 3504
2 2
3 1 5 3505 3506 3507 3538 3542
3 2
4 1 2 3515 3536
4 1 1 3537
2 1 4 3516 3517 3518 3519
2 1 2 3522 3523
2 1 2 3539 3540
1 1 2 3512 3513
1 4
2 1 2 3545 3546
2 1 4 3547 3560 3581 4588
2 1 2 3551 3552
2 1 1 4589
1 3
2 1 4 3550 3553 3576 3585
2 1 3 3569 3570 3584
2 1 1 3583
1 4
2 1 2 3555 3582
2 1 2 3561 3562
2 1 1 3563
2 1 2 3579 3580
1 2
2 1 4 3564 3565 3578 3586
2 1 1 3566
1 1 3 3567 3568 3573
1 1 2 3571 3572
1 1 2 3587 3588
1 2
2 1 5 3593 3594 3608 3680 3717
2 1 2 3696 3697
1 1 2 3613 3614
1 1 2 3623 3624
1 1 2 3631 3632
1 2
2 1 2 3636 3642
2 1 2 9657 9658
1 1 2 3643 3644
1 1 2 3701 3702
1 1 2 3709 3710
1 1 1 3723
1 1 1 3727
1 1 1 3729
1 1 1 3732
1 1 1 3733
1 1 1 3734
1 1 1 3735
1 1 1 3736
1 1 1 3737
1 1 1 3739
1 1 1 3740
1 1 1 3741
1 1 1 3742
1 1 1 3743
1 1 1 3744
1 1 1 3745
1 1 1 3746
1 1 1 3747
1 1 1 3750
1 1 1 3751
1 1 1 3752
1 1 1 3754
1 1 2 3768 3769
1 2
2 1 2 3775 3776
2 1 1 3777
1 3
2 3
3 1 3 3780 3781 3782
3 2
4 1 6 3783 3814 3825 3828 3854 3868
4 1 2 3829 3830
3 1 3 3801 3802 3803
2 3
3 1 5 3784 3817 3831 3836 3837
3 1 6 3790 3791 3860 3878 3896 3898
3 1 2 3841 3842
2 2
3 1 6 3785 3789 3807 3808 3834 3850
3 1 8 3786 3810 3839 3840 3843 3844 3847 3848
1 3
2 1 2 3787 3815
2 1 1 3788
2 1 1 3816
1 2
2 1 4 3811 3812 3813 3838
2 1 2 3899 3900
1 1 1 3849
1 1 2 3851 3852
1 1 1 3859
1 1 1 3861
1 1 1 3862
1 1 1 3863
1 1 1 3864
1 1 3 3911 3912 3918
1 3
2 1 3 3924 9646 9647
2 1 2 3925 3972
2 1 2 3970 3971
1 3
2 2
3 1 1 3931
3 1 1 3936
2 1 2 3932 3933
2 1 2 3934 3935
1 6
2 1 4 3945 3947 3953 3961
2 1 3 3948 3949 3969
2 1 4 3950 3951 3952 3955
2 1 1 3954
2 1 2 3956 3957
2 1 2 3958 3959
1 1 1 3946
1 2
2 1 3 3962 9684 9685
2 1 3 3963 3964 3965
1 1 2 3973 3974
1 1 2 4005 4006
1 2
2 1 2 4039 4040
2 1 4 4041 4075 4076 4255
1 1 9 4047 4048 4049 4081 4095 4195 4206 4252 9692
1 1 2 4123 4124
1 1 2 4152 4153
1 2
2 1 2 4289 4290
2 1 1 4291
1 2
2 1 3 4343 4344 4346
2 1 3 4345 4347 4477
1 3
2 1 3 4365 4366 4367
2 2
3 1 4 4368 4483 4494 4514
3 1 2 4391 4478
2 1 2 4495 4496
1 4
2 2
3 1 3 4431 4443 4445
3 1 2 4441 4442
2 1 5 4432 4434 4435 4436 4512
2 1 1 4433
2 1 2 4437 4438
1 2
2 1 3 4446 4447 4448
2 2
3 1 2 4449 4450
3 1 1 4451
1 2
2 2
3 1 2 4463 4464
3 1 1 4465
2 2
3 1 2 4542 4543
3 1 1 4544
1 1 2 4481 4482
1 1 2 4487 4488
1 1 2 4489 4490
1 1 2 4492 4493
1 1 3 4504 4505 4535
1 1 2 4517 4518
1 1 2 4519 4520
1 1 1 4525
1 1 2 4526 4527
1 1 2 4528 4529
1 2
2 1 3 4546 4547 4548
2 1 1 4549
1 1 2 4550 4551
1 1 2 4558 4559
1 3
2 1 3 4600 4601 4602
2 1 3 4603 4622 4640
2 2
3 1 2 4621 4633
3 1 1 4634
1 2
2 1 3 4614 4615 4658
2 1 1 4625
1 2
2 1 2 4663 4664
2 1 1 4665
1 9
2 5
3 1 7 4670 4671 4691 4771 4774 4784 4810
3 1 2 4672 4673
3 1 3 4692 4693 4694
3 1 2 4786 4811
3 1 3 4815 4816 4817
2 2
3 1 8 4679 4680 4681 4682 4761 4813 4814 4838
3 1 3 4684 4685 4801
2 2
3 1 2 4683 4710
3 1 2 4711 4712
2 1 3 4695 4696 4713
2 2
3 1 5 4699 4700 4701 4759 4812
3 1 3 4716 4717 4718
2 1 3 4745 4746 4747
2 2
3 1 2 4758 4760
3 1 2 8971 8972
2 3
3 1 2 4829 4830
3 1 2 4831 4832
3 1 3 4833 4834 4835
2 3
3 1 6 8973 8974 8975 8976 8981 8984
3 1 2 8977 8985
3 1 3 8978 8979 8980
1 3
2 1 4 4676 4677 4678 4757
2 1 2 4702 4703
2 1 3 4802 4803 4804
1 1 2 4686 4687
1 1 1 4715
1 1 2 4719 4720
1 3
2 1 3 4748 4749 4752
2 2
3 1 2 4750 4769
3 1 2 4767 4768
2 1 2 4764 4825
1 1 2 4765 4766
1 21
2 7
3 2
4 1 21 4879 4880 5050 5056 5090 5092 5179 5180 5181 5182 5183 5184 5185 5191 5192 5195 5196 5203 5204 5206 5254
4 1 2 5186 5205
3 3
4 1 2 5010 5202
4 1 3 5011 5015 5016
4 1 2 5013 5014
3 2
4 1 3 5034 5038 5039
4 1 2 5035 5036
3 1 2 5189 5190
3 2
4 1 2 5193 5194
4 1 2 5197 5198
3 1 2 5255 5256
3 2
4 1 2 9770 9771
4 1 3 9772 9773 9774
2 2
3 2
4 1 4 4884 4887 4888 4889
4 1 2 4885 4886
3 3
4 1 3 4890 5018 5349
4 1 2 5347 5348
4 1 1 5352
2 6
3 3
4 1 2 4909 5355
4 1 3 4910 5356 5359
4 1 2 5357 5358
3 2
4 1 3 4963 4964 5276
4 1 2 5275 5277
3 3
4 1 3 5006 5291 5295
4 1 2 5259 5261
4 2
5 1 2 5260 9776
5 1 1 5296
3 1 3 5292 5293 5294
3 1 3 5313 5314 5315
3 1 2 5327 5328
2 3
3 1 2 4955 4956
3 1 2 4957 4958
3 1 2 5040 5496
2 5
3 2
4 1 12 4965 5024 5025 5041 5042 5043 5066 5079 5080 5081 5082 5093
4 1 3 5087 5088 5089
3 1 1 5026
3 1 2 5107 5108
3 1 2 5145 5146
3 2
4 1 4 5147 5148 5149 5152
4 1 3 5150 5151 5153
2 4
3 1 4 4978 5032 5230 5316
3 1 3 5029 5030 5031
3 1 5 5225 5226 5227 5228 5229
3 1 2 5325 5326
2 2
3 1 2 4979 4980
3 1 2 5004 5005
2 3
3 2
4 1 3 4981 4982 5102
4 1 1 4990
3 1 3 4983 4984 4985
3 1 4 4986 4987 4988 4989
2 5
3 1 4 5007 5008 5009 9729
3 1 2 5012 5083
3 1 1 5017
3 1 3 9730 9731 9732
3 2
4 1 2 9747 9749
4 1 2 9750 9751
2 4
3 2
4 1 4 5019 5020 5021 5022
4 1 3 5023 5250 5251
3 2
4 2
5 1 2 5065 5072
5 1 2 5070 5071
4 2
5 1 2 5073 5074
5 1 2 5075 5076
3 1 3 5067 5068 5069
3 1 2 5077 5078
2 1 2 5027 5028
2 5
3 2
4 1 4 5037 5139 5140 5144
4 1 2 5137 5138
3 2
4 1 2 5132 5141
4 1 2 5135 5136
3 1 2 5133 5134
3 1 2 5142 5143
3 3
4 1 4 5166 5167 5170 5171
4 1 2 5168 5169
4 1 2 5172 5173
2 4
3 2
4 1 4 5052 5054 5154 9748
4 1 2 5155 5156
3 1 4 5053 5369 5370 5371
3 1 1 5055
3 1 3 9744 9745 9746
2 2
3 2
4 1 3 5057 5286 5289
4 1 2 5290 9775
3 1 2 5287 5288
2 3
3 1 5 5058 5231 5232 5234 5235
3 1 1 5233
3 1 4 9806 9807 9808 9809
2 3
3 2
4 1 3 5061 5062 5126
4 1 2 5063 5064
3 3
4 2
5 1 2 5121 5122
5 1 2 5127 5128
4 1 2 5129 5130
4 1 1 5131
3 1 3 5123 5124 5125
2 3
3 2
4 1 2 5094 5095
4 1 2 5099 5100
3 1 3 5096 5097 5098
3 1 1 5101
2 3
3 2
4 1 2 5157 5159
4 1 2 5158 5163
3 1 3 5160 5161 5162
3 1 2 5164 5165
2 2
3 1 2 5199 5200
3 1 1 5201
2 1 2 5223 5224
2 3
3 1 4 5445 5452 5453 5454
3 1 2 5446 5447
3 2
4 1 2 5448 5449
4 1 2 5450 5451
1 1 2 4961 4962
1 4
2 1 4 4967 4968 4969 4974
2 1 2 4970 4971
2 1 2 4972 4973
2 1 3 4975 4976 4977
1 1 1 5045
1 2
2 1 3 5046 5047 5048
2 1 1 5049
1 1 1 5051
1 1 2 5059 5060
1 4
2 1 6 5109 5110 5111 5112 5113 5116
2 1 2 5114 5115
2 1 2 5117 5118
2 1 2 5119 5120
1 3
2 2
3 1 2 5213 5221
3 1 1 5222
2 2
3 1 2 5214 5215
3 1 2 5216 5217
2 1 3 5218 5219 5220
1 1 1 5252
1 3
2 1 2 5317 5318
2 1 2 5319 5320
2 1 1 5321
1 2
2 1 2 5332 5333
2 1 1 5334
1 3
2 1 3 5363 5364 5367
2 1 2 5365 5366
2 1 1 5368
1 4
2 2
3 1 2 5376 5377
3 1 4 5378 5379 5380 9826
2 1 5 5381 5384 5385 5386 5387
2 1 2 5382 5383
2 1 2 9824 9825
1 2
2 1 2 5403 5404
2 1 2 5417 5418
1 2
2 1 2 5405 5406
2 1 1 5407
1 4
2 2
3 1 5 5408 5409 5410 5411 5413
3 1 3 5414 5415 5416
2 2
3 1 5 5412 5419 5420 5421 5433
3 1 1 5422
2 2
3 1 2 5423 5424
3 1 2 5425 5426
2 2
3 1 4 5429 5430 5431 5434
3 1 2 5432 5435
1 1 2 5427 5428
1 1 1 5456
1 6
2 3
3 1 3 5457 5458 5484
3 2
4 1 1 5459
4 1 2 5480 5481
3 1 2 5482 5483
2 1 3 5465 5466 5467
2 2
3 1 2 5468 5490
3 1 2 5488 5489
2 1 5 5469 5470 5471 5472 5473
2 1 3 5485 5486 5487
2 1 3 9827 9828 9829
1 2
2 1 2 5460 5491
2 1 2 5461 5462
1 1 2 5463 5464
1 1 2 5511 5512
1 1 1 5514
1 2
2 1 2 5520 5521
2 1 1 5522
1 1 1 5524
1 1 2 5536 5537
1 2
2 2
3 1 4 5540 5541 5609 5616
3 1 3 9849 9850 9851
2 3
3 1 4 5584 9857 9860 9861
3 1 2 5585 5586
3 1 2 9858 9859
1 1 3 5542 5543 5544
1 2
2 1 2 5548 5549
2 1 3 5550 5551 5552
1 2
2 1 4 5553 5554 5630 5631
2 1 3 5627 5628 5629
1 2
2 1 2 5559 5560
2 1 2 5561 5562
1 1 2 5566 5567
1 1 3 5568 5569 5570
1 1 3 5571 5572 5573
1 1 2 5574 5575
1 2
2 1 2 5578 5579
2 1 2 5580 5589
1 1 2 5587 5588
1 2
2 1 2 5590 5591
2 1 2 5592 5593
1 2
2 1 4 5594 5597 5598 5599
2 2
3 1 3 5595 5600 5608
3 1 1 5596
1 1 2 5611 5612
1 1 2 5613 9848
1 1 1 5614
1 1 2 5617 5618
1 1 4 5619 5620 5621 5633
1 1 2 5622 5623
1 1 3 5624 5625 5626
1 1 3 5636 5637 5638
1 1 2 5640 9852
1 1 3 5643 5644 5645
1 2
2 1 1 5647
2 1 2 5648 5649
1 1 1 5651
1 1 1 5653
1 1 1 5661
1 1 1 5662
1 2
2 1 3 5667 5668 5669
2 1 1 5670
1 1 3 5671 5672 5757
1 1 2 5678 5679
1 3
2 1 1 5680
2 1 2 5681 5682
2 1 2 5683 5684
1 4
2 2
3 1 2 5685 5686
3 2
4 1 2 5687 5770
4 1 2 5769 5771
2 1 3 5688 5689 5690
2 2
3 1 2 5691 5718
3 1 3 5719 5720 5721
2 1 3 5702 5703 5704
1 1 3 5692 5693 5694
1 1 2 5695 5696
1 1 2 5729 5730
1 1 2 5731 5732
1 1 3 5733 5734 5735
1 4
2 1 3 5736 5737 5738
2 1 3 5739 5740 5741
2 2
3 1 2 5742 5743
3 1 2 5744 5745
2 2
3 1 2 5746 5747
3 1 2 5748 5749
1 1 3 5750 5751 5752
1 2
2 1 2 5753 5754
2 1 2 5755 5756
1 1 2 5758 5759
1 4
2 2
3 1 2 5760 5768
3 1 2 5776 5777
2 1 2 5761 5762
2 2
3 1 2 5763 5764
3 1 2 5765 5766
2 1 2 5775 5778
1 1 3 5772 5773 5774
1 1 1 5779
1 14
2 2
3 1 3 5781 5799 5809
3 1 2 5810 5811
2 4
3 1 4 5783 5784 5832 5833
3 1 4 5785 5824 5825 5877
3 1 3 5819 5827 5828
3 1 3 5854 5855 5856
2 4
3 1 2 5786 5812
3 2
4 1 3 5787 5822 5874
4 1 3 5820 5821 5823
3 2
4 1 2 5816 5818
4 1 2 5817 5845
3 1 2 5885 5886
2 3
3 1 3 5788 5796 5798
3 1 5 5789 5790 5791 5793 5795
3 1 2 5794 5797
2 5
3 2
4 1 5 5792 5801 5802 5844 5894
4 1 2 5878 5879
3 1 3 5800 5895 5896
3 1 2 5830 5831
3 1 2 5839 5840
3 2
4 1 2 5866 5869
4 1 2 5867 5868
2 2
3 1 2 5804 5806
3 1 4 5805 5846 5847 5848
2 1 3 5813 5814 5815
2 1 3 5841 5842 5843
2 3
3 1 2 5849 5850
3 1 3 5851 5852 5853
3 1 4 5857 5863 5883 5884
2 3
3 1 3 5858 5859 5860
3 1 2 5861 5862
3 1 3 5870 5871 5872
2 1 2 5864 5865
2 1 2 5875 5876
2 2
3 1 3 5880 5881 5882
3 1 4 5887 5888 5889 5890
2 1 3 5891 5892 5893
1 1 1 5834
1 2
2 1 3 5835 5836 5837
2 1 1 5838
1 1 2 5906 5907
1 2
2 1 3 5908 5933 5941
2 1 2 5909 5910
1 4
2 1 5 5911 5912 5917 5925 5926
2 1 2 5918 5919
2 2
3 1 3 5927 5928 5952
3 1 3 5949 5950 5951
2 1 1 5940
1 1 1 5924
1 2
2 1 2 5929 5930
2 1 1 5931
1 1 1 5955
1 9
2 2
3 1 1 5958
3 1 1 6309
2 7
3 1 2 6229 6329
3 1 1 6266
3 1 1 6291
3 1 2 6302 6303
3 1 1 6312
3 1 2 6313 6314
3 1 1 6336
2 2
3 1 2 6230 6231
3 1 1 6232
2 6
3 2
4 1 1 6233
4 1 1 6289
3 2
4 1 2 6234 6254
4 1 1 6235
3 1 2 6249 6250
3 1 1 6292
3 1 1 6301
3 1 1 6344
2 7
3 3
4 1 2 6240 6241
4 1 1 6271
4 1 1 6322
3 1 1 6242
3 1 1 6243
3 1 1 6270
3 1 1 6290
3 1 2 6324 6325
3 1 1 6335
2 3
3 1 2 6244 6245
3 1 2 6246 6247
3 1 1 6248
2 2
3 1 2 6267 6268
3 1 1 6269
2 1 2 6272 6273
2 1 2 6326 6327
1 1 1 5962
1 1 1 5963
1 1 1 5964
1 1 1 5968
1 1 1 5969
1 1 1 5970
1 1 1 5972
1 1 1 5975
1 1 1 5976
1 1 1 5977
1 1 1 5978
1 1 1 5979
1 1 1 5982
1 1 1 5983
1 1 1 5985
1 1 1 5986
1 1 1 5987
1 1 2 5989 5990
1 1 1 5994
1 1 1 5995
1 1 1 5996
1 1 1 5998
1 1 1 5999
1 2
2 1 1 6006
2 1 1 6007
1 1 1 6008
1 2
2 1 2 6011 6012
2 1 1 6013
1 1 2 6023 6024
1 2
2 1 2 6026 6027
2 1 1 6028
1 3
2 1 6 6035 6036 6039 6147 6196 9874
2 1 3 6050 6051 6056
2 2
3 1 3 6052 6053 9872
3 1 2 6068 6148
1 1 2 6048 6049
1 2
2 1 2 6057 6058
2 1 1 6159
1 3
2 1 4 6074 6075 6097 6131
2 1 3 6088 6089 6090
2 1 2 6106 6107
1 1 2 6076 6077
1 1 2 6092 6093
1 1 2 6099 6100
1 1 2 6113 6114
1 3
2 1 1 6144
2 1 2 6145 6163
2 1 2 6170 6171
1 2
2 1 2 6156 6157
2 1 1 6158
1 1 2 6197 6198
1 3
2 1 3 6203 6204 6210
2 2
3 1 2 6206 6207
3 1 2 6208 6209
2 1 3 6211 6212 6213
1 5
2 2
3 1 2 6227 6228
3 1 1 6264
2 1 2 6236 6237
2 2
3 1 2 6257 6258
3 1 1 6259
2 1 1 6265
2 1 1 6274
1 3
2 1 2 6251 6252
2 1 1 6253
2 1 2 6262 6263
1 1 2 6260 6261
1 6
2 2
3 1 2 6275 6276
3 1 1 6288
2 2
3 1 2 6280 6281
3 1 1 6282
2 1 2 6304 6305
2 2
3 1 2 6306 6307
3 1 1 6308
2 1 1 6321
2 1 1 6323
1 4
2 1 2 6278 6295
2 1 1 6279
2 1 1 6328
2 1 1 6334
1 2
2 1 2 6347 6348
2 1 1 6349
1 1 1 6352
1 1 1 6355
1 6
2 1 5 6358 6399 6400 6401 6405
2 1 1 6402
2 2
3 1 3 6406 6407 6428
3 1 2 6408 6409
2 1 3 6410 6411 6412
2 1 1 6413
2 2
3 1 3 6425 6426 6427
3 1 2 6429 6430
1 3
2 1 1 6359
2 1 1 6360
2 1 1 6361
1 2
2 1 1 6362
2 1 1 6398
1 1 1 6363
1 1 1 6364
1 1 1 6365
1 1 1 6370
1 2
2 1 4 6371 6372 6373 6458
2 2
3 1 2 6374 6375
3 1 2 6376 6377
1 4
2 1 3 6378 6379 6380
2 1 3 6381 6387 6388
2 3
3 1 2 6382 6383
3 1 2 6384 6385
3 1 1 6386
2 1 2 6389 6390
1 4
2 3
3 1 2 6391 6414
3 1 2 6396 6397
3 1 3 6422 6423 6424
2 2
3 1 2 6392 6393
3 1 2 6394 6395
2 2
3 2
4 1 2 6415 6419
4 1 2 6420 6421
3 1 4 6416 6417 6418 6452
2 2
3 1 4 6450 6451 6453 6454
3 1 3 6455 6456 6457
1 5
2 1 4 6431 6432 6433 6434
2 2
3 2
4 1 2 6435 6447
4 1 2 6443 6446
3 1 1 6448
2 2
3 1 2 6436 6437
3 1 2 6438 6439
2 1 3 6440 6441 6442
2 1 2 6444 6445
1 1 1 6459
1 1 1 6460
1 2
2 1 5 6461 9875 9876 9877 9878
2 1 2 6462 6472
1 1 1 6463
1 1 1 6464
1 1 1 6467
1 1 1 6468
1 1 1 6473
1 1 1 6475
1 4
2 1 1 6476
2 1 2 6477 6481
2 1 1 6480
2 1 1 8094
1 2
2 1 1 6478
2 1 1 6479
1 1 1 6482
1 5
2 1 1 6487
2 1 1 6488
2 1 1 6538
2 2
3 1 2 9879 9880
3 1 1 9881
2 1 2 9882 9883
1 1 1 6489
1 1 1 6491
1 1 1 6524
1 1 1 6525
1 1 1 6526
1 1 1 6544
1 1 2 6551 6552
1 3
2 1 1 6556
2 1 2 6557 6584
2 1 2 6560 6561
1 1 2 6558 6559
1 1 1 6562
1 1 2 6563 6564
1 1 1 6566
1 1 1 6568
1 1 1 6569
1 1 1 6571
1 1 1 6572
1 1 1 6573
1 3
2 1 7 6574 6578 6579 6585 6586 6587 6588
2 1 3 6575 6576 6577
2 1 1 6580
1 2
2 1 1 6589
2 1 1 6590
1 1 2 6598 6599
1 10
2 2
3 1 2 6608 7354
3 1 5 7308 7309 7315 7352 7353
2 1 3 7310 7311 7312
2 1 3 7313 7314 7347
2 1 3 7316 7317 7318
2 1 2 7337 7338
2 1 2 7339 7340
2 1 3 7341 7342 7343
2 2
3 1 2 7344 7345
3 1 2 7346 7350
2 1 2 7348 7349
2 1 2 7355 7356
1 3
2 1 2 6609 6610
2 1 1 6611
2 1 1 6617
1 1 1 6615
1 1 1 6616
1 1 1 6618
1 2
2 1 2 6620 6621
2 1 1 6624
1 1 1 6622
1 1 1 6623
1 4
2 2
3 1 2 6627 6797
3 1 2 6628 6775
2 1 4 6643 6644 6658 6796
2 2
3 1 3 6773 6795 6810
3 1 2 6774 6863
2 1 3 9392 9393 9394
1 1 1 6629
1 1 1 6630
1 1 1 6635
1 1 1 6768
1 1 2 6818 6819
1 3
2 1 3 6866 6891 6893
2 1 2 6892 6894
2 1 1 6895
1 1 1 6867
1 1 1 6868
1 1 1 6870
1 1 1 6872
1 1 1 6873
1 1 1 6874
1 1 1 6875
1 1 1 6876
1 1 1 6877
1 1 2 6886 6887
1 2
2 1 2 6888 6889
2 1 1 6890
1 1 1 6900
1 1 1 6901
1 1 1 6905
1 1 1 6909
1 1 1 6910
1 4
2 2
3 1 2 6921 6922
3 1 1 6953
2 1 4 6923 6924 6936 6937
2 1 1 6925
2 1 1 6947
1 2
2 1 3 6954 6955 6956
2 1 1 6957
1 1 2 6958 6959
1 1 1 6966
1 2
2 1 2 6967 6968
2 1 1 6969
1 1 2 6977 6978
1 1 2 6981 6982
1 2
2 1 3 6985 6986 6987
2 1 1 6988
1 1 3 6990 6991 6992
1 2
2 1 1 6999
2 1 2 7000 7003
1 5
2 1 3 7007 7008 7395
2 2
3 1 8 7017 7195 7196 7295 7378 7379 7391 7396
3 1 2 7220 7221
2 3
3 1 3 7120 7121 7297
3 1 2 7168 7305
3 1 1 7393
2 2
3 1 2 7306 7384
3 2
4 1 2 7381 7382
4 1 2 7383 7392
2 1 2 7389 7390
1 2
2 1 2 7013 7014
2 1 2 7015 7016
1 1 1 7018
1 4
2 1 4 7020 7021 7071 7077
2 2
3 1 3 7072 7073 7074
3 1 2 7075 7076
2 1 4 7104 7105 7106 7107
2 1 2 7108 7109
1 4
2 1 3 7027 7079 7080
2 3
3 1 2 7028 7036
3 2
4 1 2 7029 7030
4 1 2 7031 7032
3 1 3 7033 7034 7035
2 3
3 1 3 7078 7086 7087
3 1 2 7088 7089
3 1 2 7090 7091
2 2
3 1 3 7081 7082 7083
3 1 2 7084 7085
1 3
2 1 2 7049 7054
2 2
3 1 2 7050 7051
3 1 2 7052 7053
2 1 1 7055
1 2
2 1 6 7056 7057 7098 7099 7100 7101
2 2
3 1 2 7058 7059
3 1 1 7060
1 3
2 1 3 7069 7070 9398
2 2
3 1 2 7139 7140
3 1 2 7141 7142
2 1 1 9399
1 2
2 1 2 7114 7118
2 1 1 7119
1 1 1 7122
1 1 1 7123
1 1 1 7124
1 1 1 7127
1 1 1 7128
1 1 1 7130
1 1 1 7132
1 1 1 7134
1 1 1 7136
1 1 1 7137
1 1 1 7148
1 1 1 7149
1 1 3 7150 7218 7219
1 1 1 7151
1 1 1 7152
1 1 1 7153
1 1 1 7154
1 1 1 7155
1 2
2 1 2 7160 7161
2 1 2 9400 9401
1 1 1 7162
1 2
2 1 2 7163 7177
2 1 1 7178
1 1 4 7166 7224 7225 7226
1 1 1 7169
1 1 1 7179
1 1 1 7184
1 1 2 7209 7210
1 2
2 1 2 7211 7212
2 1 3 7213 7214 7215
1 1 2 7216 7217
1 1 2 7222 7223
1 1 2 7227 7228
1 1 4 7240 7241 7242 7243
1 3
2 1 3 7247 7248 7251
2 1 2 7249 7250
2 1 1 7252
1 1 2 7253 7254
1 2
2 1 5 7256 7257 7258 7259 7262
2 1 2 7260 7261
1 1 3 7265 7266 7267
1 2
2 2
3 1 2 7273 7277
3 1 2 7278 7279
2 1 3 7274 7275 7276
1 2
2 1 3 7281 7282 7283
2 1 2 7284 7285
1 1 1 7289
1 1 4 7296 7298 7299 7300
1 4
2 2
3 1 2 7319 7320
3 1 3 7321 7322 7323
2 2
3 1 3 7324 7327 7328
3 1 1 7329
2 1 4 7325 7326 7335 7336
2 2
3 1 3 7330 7331 7334
3 1 2 7332 7333
1 1 2 7405 7406
1 4
2 3
3 1 2 7418 7419
3 1 2 7420 7421
3 1 2 7422 7423
2 1 2 7424 7430
2 2
3 1 2 7425 7426
3 1 1 7427
2 1 2 7428 7429
1 4
2 2
3 1 3 7432 7788 7796
3 1 2 7433 7434
2 2
3 1 3 7435 7436 7439
3 1 2 7437 7438
2 2
3 1 4 7797 7798 7799 7800
3 1 1 7801
2 2
3 1 3 7805 7806 7807
3 1 2 7808 7809
1 1 1 7442
1 1 1 7444
1 1 2 7445 7446
1 3
2 1 2 7470 7471
2 1 1 7472
2 1 1 7473
1 10
2 2
3 1 8 7476 7477 7478 7524 7537 9924 9925 9926
3 2
4 1 4 7653 7656 7657 7658
4 1 2 7654 7655
2 6
3 2
4 1 9 7480 7481 7489 7500 7503 7630 7647 9917 9921
4 1 2 7506 7574
3 1 1 7482
3 1 3 7493 7494 7495
3 1 2 7504 7505
3 1 3 7525 9929 9930
3 1 3 7535 7536 7646
2 3
3 1 4 7484 7485 7487 7673
3 1 1 7488
3 1 2 7674 7675
2 4
3 3
4 1 4 7486 7497 7636 7639
4 1 2 7516 7517
4 1 2 9927 9928
3 1 2 7606 7607
3 1 2 7610 7611
3 2
4 1 3 7631 7632 7635
4 1 4 7633 7634 7637 7638
2 2
3 2
4 1 4 7498 7499 7526 7575
4 1 2 7502 7576
3 1 3 7501 7551 7552
2 1 2 7507 7508
2 2
3 1 2 7509 7512
3 1 2 7510 7511
2 2
3 1 4 7514 7515 7644 7645
3 1 2 7608 7609
2 3
3 2
4 1 3 7518 7521 7587
4 1 2 7519 7520
3 1 3 7584 7585 7586
3 2
4 1 5 7598 7599 7600 7601 7605
4 1 3 7602 7603 7604
2 2
3 1 3 9918 9922 9923
3 1 2 9919 9920
1 1 1 7483
1 1 1 7496
1 2
2 1 2 7513 7573
2 1 2 7558 7559
1 3
2 1 3 7527 7528 7529
2 1 3 7530 7531 7534
2 1 2 7532 7533
1 1 2 7554 7555
1 1 2 7556 7557
1 3
2 1 2 7560 7561
2 1 2 7562 7563
2 1 2 7564 7565
1 3
2 1 3 7566 7567 7568
2 1 2 7569 7570
2 1 2 7571 7572
1 3
2 1 3 7577 7582 7583
2 1 2 7578 7579
2 1 2 7580 7581
1 3
2 1 2 7588 7589
2 1 2 7590 7591
2 1 3 7592 7593 7594
1 1 3 7595 7596 7597
1 1 1 7612
1 2
2 1 2 7613 7614
2 1 1 7629
1 2
2 2
3 1 2 7615 7616
3 1 2 7617 7618
2 1 4 7619 7620 7621 7622
1 2
2 1 7 7623 7624 7625 7626 7627 7628 7651
2 2
3 1 2 7648 7650
3 1 2 7649 7652
1 1 4 7640 7641 7642 7643
1 1 2 7660 7661
1 3
2 1 4 7662 7670 7671 7672
2 1 3 7663 7664 7665
2 2
3 1 2 7666 7667
3 1 2 7668 7669
1 4
2 1 6 7676 7691 7692 7693 7694 7695
2 1 1 7677
2 1 1 7686
2 1 2 7696 7697
1 1 2 7689 7690
1 1 1 7700
1 1 4 7701 7702 7703 7705
1 1 1 7707
1 1 2 7710 7711
1 1 2 7713 7714
1 1 1 7716
1 1 2 7717 7718
1 1 1 7720
1 1 1 7728
1 2
2 1 2 7732 7733
2 1 1 7734
1 1 1 7735
1 1 1 7737
1 1 1 7739
1 1 1 7743
1 1 2 7759 7760
1 2
2 1 3 7761 7766 7767
2 2
3 1 2 7762 7763
3 1 2 7764 7765
1 2
2 1 3 7769 7770 7771
2 1 2 7772 7773
1 2
2 1 1 7791
2 1 1 7792
1 1 2 7793 7794
1 2
2 1 2 7802 9946
2 1 2 7803 7804
1 1 2 7820 7821
1 1 2 7826 7827
1 2
2 1 3 7831 7832 7833
2 1 1 7834
1 1 2 7846 7855
1 2
2 1 2 7848 7849
2 1 1 7850
1 1 2 7851 7852
1 1 2 7858 7859
1 6
2 3
3 2
4 1 1 7863
4 1 2 7865 7866
3 1 2 7864 7867
3 1 3 7868 7869 7872
2 2
3 1 4 7870 7871 7968 8287
3 1 1 8288
2 2
3 1 1 7942
3 1 1 7944
2 2
3 1 8 7946 7947 7954 7962 7975 7977 7978 7979
3 1 2 7966 7967
2 1 4 7964 7965 7969 7989
2 3
3 1 2 7980 7982
3 1 2 7981 7988
3 1 2 7983 7984
1 1 2 7873 7874
1 2
2 1 3 7875 7876 7877
2 1 3 7878 7881 7882
1 1 2 7879 7880
1 4
2 1 4 7887 7888 8246 8251
2 1 2 8235 8236
2 1 4 8237 8238 8241 8248
2 1 2 8239 8245
1 1 1 7889
1 3
2 1 2 7895 7896
2 1 1 7897
2 1 3 7898 7899 7900
1 1 2 7901 7902
1 1 2 7903 7904
1 5
2 1 2 7908 7909
2 2
3 1 1 7910
3 1 1 7926
2 1 1 7911
2 1 1 7912
2 1 1 7925
1 3
2 1 2 7913 7914
2 1 2 7915 7916
2 1 2 7917 7918
1 1 2 7920 7921
1 2
2 1 2 7922 7923
2 1 1 7924
1 3
2 1 2 7927 7928
2 1 1 7929
2 1 1 7937
1 1 2 7930 7931
1 1 2 7935 7936
1 3
2 1 2 7948 7949
2 1 2 7950 7951
2 1 1 7952
1 4
2 1 3 7970 7971 7972
2 1 3 7973 7974 9407
2 1 4 8001 8002 8003 8009
2 1 3 8100 8101 8110
1 1 2 7992 7993
1 1 1 7995
1 1 1 7996
1 1 1 7997
1 1 1 7998
1 1 1 7999
1 1 1 8000
1 1 1 8004
1 1 1 8005
1 1 1 8006
1 1 1 8007
1 1 1 8008
1 1 1 8010
1 1 1 8011
1 1 1 8012
1 1 1 8013
1 1 1 8014
1 1 1 8015
1 4
2 3
3 1 3 8016 8021 8022
3 1 3 8017 8018 8019
3 1 1 8023
2 1 5 8020 8081 8119 8120 8121
2 1 2 8062 8063
2 2
3 1 3 8077 8078 8079
3 1 2 8080 8146
1 1 1 8024
1 1 1 8025
1 1 1 8026
1 1 1 8027
1 1 1 8028
1 1 1 8029
1 1 1 8030
1 1 1 8031
1 1 1 8035
1 1 2 8044 8045
1 1 1 8072
1 1 1 8073
1 1 1 8074
1 1 2 8075 8076
1 2
2 1 1 8085
2 1 2 8123 8124
1 2
2 1 2 8089 8090
2 1 2 8091 8092
1 1 1 8099
1 1 1 8104
1 1 1 8108
1 1 1 8109
1 1 1 8111
1 1 1 8112
1 1 1 8115
1 1 1 8117
1 3
2 1 3 8128 8145 8151
2 1 1 8129
2 1 3 8139 8148 8150
1 2
2 1 2 8136 8137
2 1 1 8138
1 1 1 8142
1 1 1 8143
1 1 1 8144
1 1 1 8147
1 1 2 8152 8153
1 1 1 8155
1 1 1 8156
1 2
2 1 3 8158 8159 8169
2 1 1 8172
1 2
2 1 2 8160 8161
2 1 1 8176
1 2
2 1 3 8162 8163 8164
2 1 1 8165
1 1 2 8170 8171
1 1 1 8173
1 2
2 1 3 8178 8179 8233
2 1 2 8180 8181
1 2
2 1 3 8182 8183 8184
2 1 1 8185
1 1 1 8202
1 1 1 8203
1 1 2 8204 8224
1 1 2 8205 8206
1 4
2 1 6 8207 8229 8230 8240 8541 8545
2 2
3 1 2 8330 8331
3 1 2 8332 8333
2 1 4 8334 8335 8336 9408
2 1 5 8376 8377 8378 8379 8380
1 2
2 1 3 8209 8210 8211
2 1 1 8212
1 1 1 8223
1 1 2 8242 8243
1 1 1 8250
1 2
2 1 2 8252 8253
2 1 1 8254
1 1 2 8255 8256
1 4
2 1 1 8259
2 1 1 8260
2 1 1 8261
2 1 1 8265
1 2
2 1 2 8262 8263
2 1 1 8264
1 1 1 8266
1 2
2 1 1 8269
2 2
3 1 2 8282 8283
3 1 1 8284
1 2
2 1 3 8275 8276 8277
2 1 2 8278 8289
1 1 1 8279
1 1 1 8285
1 1 1 8286
1 1 1 8297
1 1 1 8298
1 1 1 8301
1 1 1 8302
1 2
2 1 3 8304 8324 8325
2 2
3 1 2 8311 8312
3 1 3 8313 8315 8326
1 1 3 8305 8306 8314
1 1 2 8307 8308
1 1 2 8309 8310
1 2
2 1 1 8316
2 1 2 8317 8323
1 3
2 1 2 8318 8319
2 1 2 8320 8321
2 1 1 8322
1 1 1 8339
1 3
2 2
3 1 1 8340
3 1 2 8342 8343
2 1 4 8341 8344 9970 9971
2 1 3 8345 8346 8347
1 1 1 8348
1 1 1 8349
1 1 1 8350
1 1 2 8357 8358
1 5
2 1 4 8361 8367 8368 8369
2 1 2 8362 8363
2 1 3 8364 8365 8366
2 2
3 1 2 8370 8375
3 1 2 8373 8374
2 2
3 1 2 8371 8372
3 1 1 8767
1 1 2 8381 8382
1 4
2 2
3 1 3 8383 8384 8385
3 1 2 8386 8387
2 1 3 8388 8389 8390
2 2
3 1 2 8391 8392
3 1 2 8393 8396
2 1 2 8394 8395
1 2
2 1 2 8422 8423
2 1 1 8424
1 2
2 1 3 8428 8429 8430
2 1 2 8431 8432
1 3
2 2
3 1 2 8433 8434
3 1 2 8435 8436
2 3
3 1 2 8437 8440
3 1 2 8438 8439
3 1 2 8444 8445
2 1 3 8441 8442 8443
1 5
2 3
3 1 2 8446 8447
3 2
4 1 1 8448
4 1 2 8470 8471
3 1 2 8479 8480
2 1 3 8459 8460 8461
2 3
3 1 2 8468 8469
3 1 2 8472 8473
3 1 1 8474
2 1 4 8475 8476 8477 8478
2 2
3 1 3 8481 8482 8483
3 2
4 1 2 8484 8485
4 1 2 8486 8487
1 2
2 1 7 8449 8450 8451 8455 8456 8457 8458
2 1 3 8452 8453 8454
1 3
2 1 2 8462 8466
2 1 3 8463 8464 8465
2 1 1 8467
1 2
2 1 2 8488 8489
2 1 1 8490
1 1 2 8491 8492
1 3
2 3
3 1 4 8507 8508 8511 8515
3 1 2 8509 8510
3 1 2 8513 8514
2 2
3 1 2 8512 8526
3 1 3 8523 8524 8525
2 2
3 2
4 1 2 8516 8522
4 1 2 8517 8518
3 1 3 8519 8520 8521
1 1 2 8527 8528
1 1 3 8556 8557 8561
1 1 2 8559 8560
1 1 2 8562 8563
1 1 2 8566 8567
1 2
2 2
3 1 2 8593 8603
3 1 1 8594
2 1 5 8598 8599 8600 8601 8602
1 3
2 1 2 8604 8608
2 1 3 8605 8606 8607
2 1 1 8609
1 2
2 1 2 8612 8613
2 1 1 8614
1 1 2 8713 8714
1 1 3 8719 8720 8732
1 1 2 8722 8723
1 1 2 8741 8742
1 1 2 8743 8744
1 2
2 1 2 8757 8758
2 1 1 8759
1 1 3 8760 8761 8762
1 3
2 1 2 8774 8775
2 1 2 8776 8777
2 1 2 8778 8779
1 2
2 1 2 8780 9978
2 1 2 9976 9977
1 1 1 8782
1 2
2 1 1 8784
2 1 1 8785
1 1 1 8790
1 3
2 3
3 1 2 8791 8792
3 1 1 8796
3 1 1 9001
2 1 2 8793 9011
2 1 1 8824
1 1 1 8794
1 3
2 1 1 8797
2 1 1 9182
2 1 1 9183
1 3
2 1 2 8798 8799
2 1 2 8800 8801
2 1 2 8802 8803
1 1 1 8804
1 2
2 1 4 8805 8806 8807 8808
2 1 1 8809
1 1 1 8810
1 1 1 8832
1 1 1 8837
1 1 2 8848 8849
1 2
2 1 4 8854 8855 8856 8857
2 1 2 8858 8859
1 1 1 8862
1 1 2 8863 8864
1 2
2 1 1 8865
2 1 1 8866
1 1 2 8867 8868
1 3
2 1 1 8871
2 1 1 8872
2 1 1 8873
1 1 2 8874 8875
1 2
2 1 2 8876 8886
2 1 1 8887
1 3
2 1 2 8877 8878
2 1 1 8879
2 1 1 8885
1 4
2 1 1 8889
2 2
3 1 6 8891 8900 8908 8909 8912 9984
3 1 2 8910 8911
2 2
3 1 1 8892
3 1 1 9148
2 2
3 1 3 8901 8902 8903
3 1 3 8904 8905 8906
1 1 1 8916
1 1 5 8926 8927 8928 8929 8930
1 1 1 8932
1 3
2 2
3 1 2 8933 8934
3 1 2 8935 8936
2 1 3 8937 8938 8939
2 1 1 8940
1 1 2 8949 8950
1 2
2 1 1 8954
2 1 1 8955
1 3
2 1 3 8964 9997 10002
2 1 4 9998 9999 10000 10001
2 1 1 10003
1 1 3 8965 8966 8967
1 1 1 8970
1 2
2 1 2 8988 8989
2 1 1 8990
1 1 1 8991
1 1 4 8992 8993 8994 8995
1 2
2 1 2 8996 8997
2 1 1 9003
1 1 2 8998 8999
1 1 1 9005
1 1 1 9009
1 2
2 1 3 9018 9021 9022
2 1 2 9019 9020
1 5
2 3
3 1 4 9029 9030 9043 9044
3 1 3 9037 9038 9039
3 1 1 9046
2 3
3 1 2 9031 9032
3 1 2 9033 9034
3 1 2 9035 9036
2 4
3 1 2 9040 9041
3 1 3 9042 9047 9050
3 1 2 9048 9049
3 1 1 9051
2 1 7 9045 9075 9076 9077 9078 9079 9080
2 1 2 9081 9082
1 2
2 1 3 9058 9059 9060
2 2
3 1 1 9061
3 1 2 10004 10005
1 4
2 1 3 9062 9063 9064
2 1 4 9065 9066 10022 10023
2 2
3 1 3 9067 9068 9069
3 1 1 9070
2 2
3 1 2 9072 9073
3 1 1 9074
1 1 3 9083 9084 9095
1 2
2 2
3 1 2 9085 9086
3 1 2 9087 9088
2 1 2 9093 9094
1 1 4 9089 9090 9091 9092
1 1 2 9097 9098
1 1 1 9099
1 1 1 9100
1 5
2 2
3 1 3 9102 9106 9107
3 1 2 9125 9126
2 2
3 1 2 9103 9104
3 1 2 9105 9122
2 1 5 9115 9116 9117 9118 9119
2 1 2 9120 9121
2 1 2 9123 9124
1 2
2 1 2 9108 9109
2 1 2 9110 9111
1 1 1 9113
1 5
2 1 3 9128 9129 9130
2 1 5 9131 9135 9142 9143 9147
2 1 3 9132 9133 9134
2 2
3 1 2 9138 9139
3 1 2 9140 9141
2 1 3 9144 9145 9146
1 1 2 9136 9137
1 1 1 9152
1 4
2 1 2 9154 9155
2 1 3 9156 9157 9158
2 2
3 1 1 9159
3 1 2 9163 9164
2 1 3 9160 9161 9162
1 2
2 1 2 9165 9166
2 1 1 9167
1 1 2 9168 9169
1 1 2 9180 9181
1 1 5 9251 9252 9253 9254 9255
1 1 1 9283
1 1 2 9289 9290
1 1 1 9302
1 3
2 1 3 9307 9308 9309
2 1 2 9310 9311
2 1 1 9319
1 1 1 9317
1 1 1 9325
1 1 1 9335
1 1 2 9336 9337
1 1 2 9341 9342
1 1 1 9344
1 1 1 9347
1 1 1 9348
1 2
2 1 2 9349 9350
2 1 1 9351
1 1 1 9353
1 1 1 9354
1 1 1 9355
1 1 3 9360 9361 9362
1 2
2 1 2 9365 9366
2 1 1 9367
1 1 3 9371 9372 9373
1 1 4 9403 9404 9405 9406
1 2
2 1 2 9412 9413
2 1 1 9414
1 1 2 9415 9416
1 1 4 9417 9418 9419 9420
1 3
2 2
3 1 4 9421 9422 9426 9431
3 1 1 9432
2 1 3 9423 9424 9425
2 2
3 1 2 9427 9428
3 1 2 9429 9430
1 1 1 9460
1 3
2 1 3 9471 9472 9473
2 1 3 9474 9480 9481
2 2
3 1 3 9475 9476 9479
3 1 2 9477 9478
1 1 1 9483
1 1 1 9489
1 1 2 9502 9503
1 1 2 9504 9505
1 3
2 1 2 9506 9507
2 1 2 9508 9509
2 1 2 9510 9511
1 1 1 9517
1 1 2 9522 9523
1 1 1 9524
1 2
2 1 3 9566 9567 9568
2 1 1 9569
1 1 1 9594
1 2
2 2
3 1 2 9652 9653
3 1 2 9654 9655
2 1 1 9656
1 1 1 9659
1 1 1 9660
1 1 1 9661
1 1 1 9662
1 1 1 9663
1 1 1 9664
1 1 1 9665
1 1 1 9666
1 1 1 9667
1 1 1 9668
1 1 1 9669
1 1 1 9670
1 1 1 9672
1 1 1 9673
1 3
2 1 2 9677 9681
2 1 3 9678 9679 9680
2 1 2 9682 9683
1 1 1 9714
1 3
2 1 2 9722 9723
2 1 2 9724 9725
2 1 1 9726
1 4
2 1 2 9733 9736
2 1 2 9734 9735
2 1 2 9737 9738
2 1 2 9739 9740
1 2
2 1 2 9765 9769
2 1 3 9766 9767 9768
1 3
2 2
3 1 4 9811 9812 9813 9821
3 1 2 9822 9823
2 1 1 9814
2 3
3 1 2 9815 9816
3 1 2 9817 9818
3 1 2 9819 9820
1 1 5 9830 9831 9832 9833 9834
1 2
2 1 3 9835 9836 9837
2 1 2 9838 9839
1 1 2 9846 9847
1 2
2 2
3 1 2 9862 9863
3 1 2 9864 9865
2 1 2 9866 9867
1 1 1 9868
1 2
2 1 2 9869 9870
2 1 1 9871
1 1 3 9884 9885 9886
1 1 2 9908 9909
1 1 4 9931 9932 9933 9934
1 1 2 9935 9936
1 2
2 1 4 9937 9938 9939 9940
2 1 2 9941 9942
1 1 1 9947
1 2
2 1 2 9948 9949
2 1 1 9950
1 1 1 9956
1 3
2 1 2 9958 9959
2 1 2 9960 9961
2 1 1 9962
1 1 2 9972 9973
1 2
2 1 2 9979 9980
2 1 1 9981
1 1 2 9982 9983
1 1 1 10006
1 4
2 2
3 1 3 10007 10008 10011
3 1 2 10009 10010
2 1 2 10012 10013
2 2
3 1 3 10014 10015 10016
3 1 3 10017 10018 10019
2 1 2 10020 10021
1 2
2 1 2 10024 10025
2 1 2 10026 10027
1 3
2 1 4 10051 10052 10053 10056
2 1 2 10054 10055
2 1 1 10057
1 1 2 10100 10101
1 1 3 10102 10103 10104
1 1 1 10127
1 1 1 10210
1 3
2 1 2 10221 10222
2 1 2 10223 10224
2 1 1 10225
